%%%DateTime	ms since program start
2016-08-16T00:55:36.529-07:00	622
1719	-1
1722	-3
1739	-6
67428	1
67877	-1
88698	3
88713	-3
88760	3
88914	-3
89444	3
89646	-3
95481	-4
95496	4
377494	-4
377512	4
382163	-5
382179	5
454199	-5
454214	5
468816	-4
468835	4
475999	-5
476069	5
481753	-4
500620	4
500683	-4
500703	4
500784	-4
500804	4
518035	-5
518051	5
528703	6
528869	-6
528885	6
528904	-6
528919	6
528968	-6
529003	6
529019	-6
530286	3
530336	-3
530352	3
530435	-3
530453	3
530503	-3
531503	-5
531520	5
557936	3
558053	-3
558071	3
563957	-5
564106	5
564140	-5
564190	5
579637	-5
579658	5
605524	6
605574	-6
609773	6
609856	-6
609873	6
609892	-6
609923	6
610024	-6
610057	6
610156	-6
610192	6
610209	-6
610223	6
610326	-6
617690	-5
617706	5
622790	6
622960	-6
622974	6
623124	-6
636576	6
636626	-6
636642	6
636759	-6
636776	6
636792	-6
636809	6
636892	-6
636909	6
636927	-6
637809	6
650193	-6
650210	6
662794	-5
662813	5
1475062	-6
1557117	-5
1557184	5
1557248	-5
1557264	5
1558215	-5
1558231	5
1798025	-5
1798046	5
2270111	-5
2270127	5
2363608	1
2363632	-1
2820026	-5
2950444	5
2968957	-5
2968976	5
3217039	-4
3230424	-5
3239052	5
3254089	-5
3254108	5
3280337	-5
3280354	5
3676720	-2
3676737	2
3778053	-2
3778069	2
3825000	4
3825015	-4
4059745	-5
4059769	5
4104350	-5
4104366	5
4367382	-3
4367396	3
4504530	4
4504544	-4
4509664	4
4509698	-4
4509713	4
4509731	-4
4514049	4
4514181	-4
4514232	4
4514242	-4
4535064	4
4535078	-4
4535095	4
4535129	-4
4535162	4
4535195	-4
4535229	4
4535312	-4
4535329	4
4535345	-4
4595545	4
4595644	-4
4595661	4
4596098	-4
4596261	4
4644478	-4
4644493	4
4749593	-5
4749609	5
4783272	-4
4783413	4
4790993	-4
4791047	4
5264741	-2
5264939	2
5342670	-4
5342722	4
5342788	-4
5353652	4
5379006	-4
5379022	4
5379307	-4
5379493	4
5381923	-4
5382342	4
5392852	-4
5392875	4
5399618	-4
5399635	4
5534472	-4
5534636	4
5534655	-4
5556035	4
5556055	-4
5556085	4
5556105	-4
5556136	4
5556205	-4
5556418	4
5556434	-4
5568200	4
5568223	-4
5568390	4
5568436	-4
5568483	4
5568516	-4
5568549	4
5568571	-4
5568588	4
5568688	-4
5568755	4
5568890	-4
5568903	4
5698618	-4
5698635	4
5698969	-4
5698987	4
5712671	-5
5712682	5
5713703	-5
5713717	5
5736751	-4
5736767	4
5752419	-4
5752819	4
5780065	-5
5780083	5
5794366	-5
5794384	5
5824636	-5
5824652	5
5855234	-5
5855251	5
5874014	-5
5874035	5
5906182	-5
5906197	5
5952431	-3
5952448	3
5962331	-5
5962347	5
5979235	-5
5979251	5
5993070	-5
5993082	5
5994984	-5
5995001	5
6192547	-5
6192566	5
6323960	-2
6324095	2
6392644	-4
6392849	4
6404678	-5
6404699	5
6473462	-5
6473475	5
6514729	-3
6514745	3
6539698	-3
6539708	3
6555592	-3
6555613	3
6558592	-5
6558613	5
6596596	-5
6596611	5
6705577	-4
6705595	4
6796976	-4
6807175	4
6807195	-4
6815506	4
6815658	-4
6815673	4
6819039	6
6819178	-6
6819190	6
6819207	-6
6819224	6
6819240	-6
6819257	6
6819296	-6
6819307	6
6819396	-6
6826423	-4
6830124	6
6830174	-6
6830190	6
6830207	-6
6830238	6
6830288	-6
6830357	6
6830424	-6
6830490	6
6830574	-6
6830590	6
6830607	-6
6850227	4
6850260	-4
6850276	4
6852142	6
6852310	-6
6852326	6
6852475	-6
6852493	6
6852660	-6
6852677	6
6860822	-6
6860844	6
6861027	-6
6861044	6
6861261	-6
6861275	6
6887438	-6
6887455	6
6887539	-6
6887558	6
6904244	-6
6904256	6
6904457	-6
6904477	6
6926772	-6
6926789	6
6929891	-4
6929907	4
7035704	-5
7035843	5
7080374	-6
7080793	6
7105808	-4
7105875	4
7105887	-4
7111110	4
7187291	-5
7187307	5
7199943	-4
7199956	4
7200127	-4
7200138	4
7293373	-4
7293389	4
7453485	-6
7453507	6
7453603	-6
7453622	6
7453739	-6
7453753	6
7484368	-4
7484384	4
7488716	-6
7488735	6
7488867	-6
7489002	6
7501870	-2
7501887	2
7511087	-5
7511105	5
7516005	-6
7516021	6
7526539	-5
7526554	5
7531305	-6
7531321	6
7531434	-6
7531457	6
7531500	-6
7531523	6
7531606	-6
7531635	6
7552450	-5
7552469	5
7561266	-6
7561287	6
7569703	-5
7569719	5
7571770	-6
7571787	6
7572070	-6
7572087	6
7572237	-6
7572254	6
7572388	-6
7572403	6
7578266	-6
7578388	6
7578521	-6
7578537	6
7578551	-6
7578572	6
7578683	-6
7578704	6
7629870	-2
7630038	2
7642439	-5
7642451	5
7900185	-4
7900200	4
7919213	-5
7919230	5
7972268	-6
7972279	6
8005087	-6
8005098	6
8005233	-6
8005250	6
8008249	-5
8008267	5
8008418	-5
8008432	5
8059149	-5
8059165	5
8077185	-4
8077384	4
8094098	-5
8094111	5
8117929	-2
8117948	2
8189418	-4
8189429	4
8189494	-4
8189517	4
8189651	-4
8200060	-5
8200212	5
8204967	-3
8224997	3
8225016	-3
8225030	3
8236299	-2
8241648	4
8241684	-4
8241693	4
8241716	-4
8241749	4
8241848	-4
8241884	4
8241998	-4
8248943	4
8249144	-4
8249161	4
8252377	-4
8252399	4
8252794	-4
8256427	2
8256450	-2
8256516	2
8256594	-2
8256610	2
8256730	-2
8256745	2
8256800	-2
8258961	4
8259095	-4
8259112	4
8294683	-3
8301748	-4
8301764	4
8301780	-4
8301815	4
8301860	-4
8301877	4
8301900	-4
8301913	4
8301946	-4
8303364	4
8303482	-4
8303532	4
8303579	-4
8303596	4
8315476	2
8344031	-2
8344048	2
8356581	-4
8356597	4
8381512	-4
8381529	4
8383961	-4
8383979	4
8388680	-4
8388696	4
8430660	-4
8430680	4
8430693	-4
8430709	4
8497029	-5
8497429	5
8538508	-2
8538525	2
8854540	-5
8854559	5
8854571	-5
8854592	5
8854777	-5
8854791	5
8870809	-5
8870821	5
8918971	-5
8939206	3
8939223	-3
8939241	3
8939257	-3
8939275	3
8939290	-3
8939308	3
8939319	-3
8939356	3
8939425	-3
8945757	5
8945774	-5
8958394	5
8958444	-5
8958455	5
8958491	-5
8958508	5
8958609	-5
8958621	5
8958743	-5
8958756	5
9036424	3
9113090	-3
9113223	3
9156789	-5
9156800	5
9163257	-4
9163271	4
9211002	-4
9211023	4
9211167	-4
9233300	4
9233333	-4
9233384	4
9233454	-4
9233506	4
9233584	-4
9233607	4
9247435	-4
9247452	4
9247468	-4
9250169	4
9250452	-4
9250469	4
9271472	-5
9271487	5
9271588	-5
9271604	5
9286522	-4
9286536	4
9308283	-3
9308306	3
9318102	-4
9318122	4
9357071	-3
9357082	3
9380921	-4
9380937	4
9381053	-4
9381070	4
9398788	1
9398802	-1
9398872	1
9398884	-1
9398902	1
9398920	-1
9401650	-4
9401672	4
9420916	-5
9421255	5
9558853	-6
9558868	6
9605900	1
9605913	-1
9605935	1
9605951	-1
9606252	1
9606265	-1
9645365	-3
9645385	3
9720746	-3
9720768	3
9940033	-4
9940045	4
9940065	-4
9940126	4
9940163	-4
9940226	4
9940298	-4
9943143	-5
9943299	5
9963344	-5
9963360	5
9963531	-5
9963546	5
9963694	-5
9963710	5
9963744	-5
9964010	5
9964026	-5
9966317	4
9966345	-4
9966360	4
9966377	-4
9966393	4
9966929	-4
9971428	4
9971448	-4
9971460	4
9972528	5
9989863	-6
9989881	6
9989892	-6
9989929	6
9990047	-6
9990064	6
9990214	-6
10041631	-5
10041647	5
10053561	-4
10053581	4
10053731	-4
10053745	4
10053880	-4
10053897	4
10092878	-4
10092895	4
10093028	-4
10113608	4
10113716	-4
10113725	4
10113749	-4
10127330	-5
10127343	5
10137194	4
10223761	-4
10223776	4
10223790	-4
10223929	4
10223941	-4
10224228	4
10224412	-4
10229657	4
10229748	-4
10229757	4
10229880	-4
10229891	4
10339955	-2
10339973	2
10349274	-4
10349291	4
10644220	-4
10684636	6
10684655	-6
10684673	6
10716608	4
10716707	-4
10716723	4
10745424	-4
10745435	4
10745502	-4
10757335	-5
10757352	5
10792404	4
10792420	-4
10792569	4
10792587	-4
10792602	4
10792871	-4
10793035	4
10825675	-4
10826089	4
10957205	-3
10957216	3
11680345	-6
13764043	-4
16713212	4
16713229	-4
16721480	4
16721497	-4
16752216	-3
16752249	3
16754216	-3
16756284	3
16756478	-3
16757300	3
16758181	-3
16759350	3
16928910	4
16928926	-4
16929760	4
16929899	-4
16982112	-3
16982129	-5
16983230	3
16988858	4
16988878	-4
16989298	4
16989310	-4
16991395	4
16991409	-4
16992009	4
16992025	-4
17051394	-3
17053711	3
17055694	-3
17056059	3
17058411	-3
17058626	3
17068528	-3
17068546	3
17070862	-3
17072080	3
17072096	-3
17072395	3
17072411	-3
17072897	3
17087859	-3
17088682	3
17090114	-3
17091047	3
17099028	-3
17100564	3
17107925	-3
17108542	3
17109509	-3
17112343	3
17118380	-3
17120744	3
17128613	-3
17129627	3
17130678	-3
17132196	3
17193742	-3
17193774	3
17200730	-3
17200744	3
17200890	-3
17200910	3
17200927	-3
17200998	3
17203809	-3
17203964	3
17203989	-3
17204110	3
17204143	-3
17204178	3
17204356	-3
17204397	3
17204793	-3
17204963	3
17204977	-3
17207056	3
17207280	-3
17207507	3
17207740	-3
17208228	3
17208243	-3
17210044	3
17210057	-3
17210207	3
17210612	-3
17210647	3
17210840	-3
17210940	3
17229528	-3
17230328	3
17232444	-3
17232461	3
17232477	-3
17233444	3
17234095	-3
17234493	3
17235530	-3
17235926	3
17236144	-3
17237589	3
17239828	-3
17240223	3
17242697	-3
17252673	3
17252939	-3
17257390	3
17257412	-3
17257556	3
17262856	-3
17263773	3
17268558	-3
17269758	3
17294028	-3
17295162	3
17301263	4
17301276	-3
17301377	-4
17301430	4
17301673	-4
17306339	4
17306662	-4
17306672	4
17306689	-4
17307411	4
17307426	-4
17308845	4
17308877	-4
17308929	4
17309128	-4
17309179	4
17309208	-4
17309242	4
17309397	-4
17309408	4
17309478	-4
17312529	4
17312557	-4
17317928	3
17363794	-3
17364441	3
17405694	-3
17495624	3
17506642	-3
17516220	4
17516244	-4
17516687	4
17516706	-4
17517521	4
17517543	-4
17556924	3
17557088	-3
17557270	3
17558507	-3
17558540	3
17558556	-3
17559037	3
17782973	-3
17783484	3
17784006	-3
17797038	3
17797340	-3
17797521	3
17797535	-3
17797687	3
17797853	-3
17797871	3
17798187	-3
17798223	3
17810186	-3
17810336	3
17810437	-3
17814970	3
17815303	-3
17815604	3
17815618	-3
17815638	3
17823685	-3
17831589	3
17831672	-3
17831689	3
17832339	-3
17832639	3
17833154	-3
17833339	3
17835639	-3
17835939	3
17835956	-3
17872390	3
17873051	-3
17873069	3
17875454	-3
17898889	3
17899036	-3
17899369	3
17899386	-3
17900072	3
17900803	-3
17901067	3
17902119	-3
17902721	3
17902903	-3
17902919	3
17903369	-3
17903886	3
17905002	-3
17905569	3
17905586	-3
17905602	3
17905640	-3
17905654	3
17906469	-3
17907152	3
17907753	-3
17907784	3
17907852	-3
17908419	3
17909135	-3
17909950	3
17910935	-3
17911750	3
17912567	-3
17930486	3
17930620	-3
17930785	3
17930803	-3
18038883	3
18038901	-3
18040285	3
18040302	-3
18043284	3
18043302	-3
18114806	4
18114816	-4
18119073	3
18119082	-3
18119153	3
18119165	-3
18122187	3
18122199	-3
18122398	3
18122416	-3
18194020	6
18194284	-6
18205898	5
18205953	-5
18207531	5
18207552	-5
18208351	5
18208898	-5
18210831	5
18210851	-5
18212520	5
18212534	-5
18314970	4
18315201	-4
18315918	4
18315930	-4
18320585	4
18320597	-4
18342721	3
18343118	-3
18343535	3
18344752	-3
18344768	3
18345082	-3
18345103	3
18345269	-3
18345587	3
18346080	-3
18358881	3
18358897	-3
18358914	3
18358931	-3
18359030	3
18359051	-3
18393502	3
18393802	-3
18394619	3
18394633	-3
18394986	3
18394999	-3
18395753	3
18395766	-3
18396169	3
18396180	-3
18397503	3
18397516	-3
18397752	3
18397783	-3
18397951	3
18397986	-3
18412836	4
18412849	-4
18493550	3
18493600	-3
18494467	3
18494479	-3
18511885	3
18511898	-3
18511928	3
18511952	-3
18511965	3
18512018	-3
18512500	3
18512634	-3
18512900	3
18513717	-3
18514553	3
18515152	-3
18516781	3
18516800	-3
18517165	3
18517182	-3
18517661	1
18517680	-1
18570033	3
18570061	-3
18570861	3
18570878	-3
18571080	3
18571118	-3
18571144	3
18571678	-3
18572283	3
18573112	-3
18573335	3
18573345	-3
18573378	3
18575878	-3
18576695	3
18577229	-3
18579051	3
18579879	-3
18591547	3
18591597	-3
18591681	3
18591747	-3
18603016	3
18603032	-3
18605450	3
18605482	-3
18605999	3
18606010	-3
18606616	3
18606631	-3
18640428	3
18640467	-3
18653880	3
18654030	-3
18654663	3
18654682	-3
18655912	3
18655926	-3
18656683	3
18656863	-3
18659332	3
18659396	-3
18660978	3
18661000	-3
18666098	3
18666112	-3
18667116	3
18667532	-3
18667950	3
18667964	-3
18672032	3
18672182	-3
18673165	3
18673181	-3
18673981	3
18673993	-3
18676027	3
18676050	-3
18679401	3
18679410	-3
18680427	3
18680650	-3
18681844	3
18681860	-3
18685144	3
18685161	-3
18703511	3
18703530	-3
18704178	3
18704196	-3
18705212	3
18705230	-3
18708281	3
18708297	-3
18726930	3
18726948	-3
18742698	4
18742712	-4
18744126	4
18744348	-4
18745764	4
18745776	-4
18748196	4
18748215	-4
18749342	4
18749498	-4
18754510	4
18754527	-4
18758198	4
18758350	-4
18771980	4
18771997	-4
18776480	4
18776497	-4
18779816	4
18779830	-4
18785299	4
18785432	-4
18786526	4
18786549	-4
18788010	4
18788026	-4
18816263	3
18816279	-3
18817446	3
18817463	-3
18839367	3
18839764	-3
18899582	4
18899594	-4
18915760	3
18916160	-3
18916577	3
18916594	-3
18917394	3
18917444	-3
18917459	3
18917527	-3
18917594	3
18917661	-3
18917711	3
18917727	-3
18918211	3
18918227	-3
18919028	3
18919444	-3
18930496	4
18931112	-4
18931377	3
18931527	-3
18931861	3
18931913	-3
18932263	3
18932295	-3
18932429	3
18932446	-3
18932613	3
18932628	-3
18932645	3
18932662	-3
18932777	3
18933080	-3
18935013	3
18935029	-3
18935829	3
18935847	-3
18936645	3
18936663	-3
18937263	3
18937278	-3
18938280	3
18938294	-3
18938308	3
18938328	-3
18938347	3
18938362	-3
18939312	3
18939329	-3
19012612	4
19012626	-4
19013312	4
19013324	-4
19015293	4
19015491	-4
19017007	4
19017025	-4
19018992	4
19019009	-4
19020158	4
19020175	-4
19021947	4
19021958	-4
19024793	4
19024810	-4
19026875	4
19026893	-4
19027758	4
19027774	-4
19028627	4
19028643	-4
19029277	4
19029293	-4
19031877	4
19031894	-4
19033309	4
19033727	-4
19034742	4
19034761	-4
19035561	4
19035578	-4
19036994	4
19037009	-4
19038778	4
19038795	-4
19040494	4
19040511	-4
19043345	4
19043361	-4
19071507	4
19071525	-4
19072640	4
19072657	-4
19077473	4
19077490	-4
19078161	4
19078174	-4
19078824	4
19078841	-4
19081224	4
19081241	-4
19083274	4
19083292	-4
19085126	4
19085142	-4
19323926	3
19323939	-3
19325159	3
19325340	-3
19328110	3
19328124	-3
19335193	3
19335204	-3
19340727	3
19340738	-3
19340878	3
19340891	-3
19340962	3
19340972	-3
19345438	3
19345622	-3
19346572	3
19346589	-3
19350356	3
19350373	-3
19356706	3
19356723	-3
19356871	3
19356888	-3
19357038	3
19357056	-3
19358057	3
19358388	-3
19358409	3
19358421	-3
19358443	3
19358490	-3
19358538	3
19358574	-3
19358655	3
19358677	-3
19362026	3
19362040	-3
19364241	3
19364258	-3
19364391	3
19364425	-3
19364458	3
19364775	-3
19364791	3
19364808	-3
19364856	3
19365008	-3
19366425	3
19366559	-3
19366575	3
19366725	-3
19371207	3
19371226	-3
19422240	3
19422457	-3
19423742	3
19424039	-3
19424092	3
19424223	-3
19448375	3
19448404	-3
19448425	3
19448625	-3
19449258	3
19449293	-3
19449303	3
19449320	-3
19449342	3
19449687	-3
19449703	3
19450904	-3
19485358	3
19485374	-3
19490159	3
19490174	-3
19491057	3
19491071	-3
19492236	3
19492707	-3
19492721	3
19492742	-3
19525376	4
19525390	-4
19533039	3
19533443	-3
19593657	4
19593873	-4
19594324	4
19594339	-4
19595310	4
19595741	-4
19624703	1
19624938	-1
19625168	1
19625276	-1
19625319	1
19626302	-1
19642807	4
19643221	-4
19645954	4
19645972	-4
19651088	4
19651105	-4
19662471	5
19662488	-5
19670052	4
19670068	-4
19672769	4
19672785	-4
19694604	5
19694622	-5
19695856	5
19695871	-5
19699738	5
19699750	-5
19700571	5
19700589	-5
19701639	5
19701651	-5
19703573	5
19703589	-5
19704922	5
19704937	-5
19706907	5
19706921	-5
19778917	4
19778934	-4
19780284	4
19780301	-4
19783658	4
19783668	-4
19838206	1
19838556	-1
19840237	1
19841670	-1
19842291	1
19844357	-1
19845966	1
19847033	-1
19847384	1
19847406	-1
19993855	3
19993866	-3
19995489	3
19995499	-3
19996916	3
19997532	-3
19998149	3
19998698	-3
19999232	3
19999270	-3
19999622	3
19999666	-3
20000566	3
20000582	-3
20001182	3
20001201	-3
20002170	3
20002181	-3
20002332	3
20002349	-3
20002516	3
20002683	-3
20003683	3
20003699	-3
20003850	3
20003865	-3
20003882	3
20004003	-3
20004033	3
20004899	-3
20005516	3
20005598	-3
20005616	3
20005804	-3
20005833	3
20005883	-3
20005899	3
20006031	-3
20006683	3
20006700	-3
20006750	3
20006882	-3
20006922	3
20007765	-3
20008600	3
20009198	-3
20139802	3
20139836	-3
20140100	3
20140119	-3
20141735	3
20141750	-3
20141767	3
20141786	-3
20142302	3
20142316	-3
20142885	3
20142899	-3
20143569	3
20143585	-3
20165488	3
20165501	-3
20165786	3
20165797	-3
20262483	3
20262501	-3
20262664	3
20262680	-3
20263696	3
20263720	-3
20317651	-2
20317667	2
20387131	-2
20387787	2
20387797	-2
20388437	2
20388448	-2
20388982	2
20388998	-2
20389168	2
20391167	-2
20392202	2
20393012	-2
20394450	2
20394869	-2
20398068	3
20398082	-3
20398415	3
20398433	-3
20469616	4
20470014	-4
20473067	3
20473081	-3
20473367	3
20473533	-3
20473716	3
20473728	-3
20513411	2
20513435	-2
20514062	2
20514079	-2
20514564	2
20514613	-2
20515696	2
20515713	-2
20516517	2
20516530	-2
20516563	2
20516964	-2
20516979	2
20516997	-2
20549584	2
20549596	-2
20551228	2
20551362	-2
20554812	2
20554928	-2
20555262	2
20555277	-2
20597018	2
20597077	-2
20597250	2
20597332	-2
20597366	2
20597431	-2
20597800	2
20597813	-2
20602096	5
20602116	-5
20602810	5
20602828	-5
20603593	5
20603615	-5
20883742	3
20883841	-3
20883863	3
20885375	-3
20885576	3
20885596	-3
20885643	3
20886426	-3
20887210	3
20887926	-3
20888442	3
20890113	-3
20890258	3
20890276	-3
20890910	3
20892126	-3
20892144	3
20892160	-3
20892194	3
20892210	-3
20916914	2
20916927	-2
20917080	2
20917095	-2
21051091	2
21051113	-2
21055573	2
21055591	-2
21056231	2
21056307	-2
21056325	2
21056491	-2
21056527	2
21056577	-2
21056624	2
21056674	-2
21056707	2
21056757	-2
21056807	2
21056858	-2
21072375	3
21073191	-3
21073593	3
21074827	-3
21075642	3
21076046	-3
21076261	3
21076860	-3
21080677	3
21081495	-3
21081878	3
21082861	-3
21083411	3
21084859	-3
21085257	3
21085877	-3
21086297	3
21087112	-3
21087728	3
21090139	-3
21091490	3
21092330	-3
21098873	3
21098890	-3
21098907	3
21099089	-3
21120291	3
21120310	-3
21122741	2
21122760	-2
21124375	2
21124794	-2
21126427	4
21126444	-4
21126477	2
21127659	4
21127844	-4
21128627	-2
21128643	2
21129144	-2
21129156	2
21129176	-2
21129961	2
21131323	4
21131356	-4
21131377	4
21131428	-4
21131543	4
21131578	-4
21132377	-2
21136478	4
21136489	-4
21140112	4
21140126	-4
21142927	4
21142943	-4
21143980	4
21144110	-4
21145091	4
21145106	-4
21146911	3
21146926	-3
21146956	3
21146973	-3
21152045	3
21152194	-3
21152344	3
21152356	-3
21152479	3
21152492	-3
21152543	3
21152555	-3
21152608	3
21152741	-3
21152756	3
21152828	-3
21152858	3
21152975	-3
21152989	3
21153005	-3
21153679	3
21153692	-3
21153743	3
21155725	-3
21156342	3
21156523	-3
21156556	3
21156746	-3
21156808	3
21157288	-3
21157339	3
21157374	-3
21157505	3
21157862	-3
21157873	3
21158045	-3
21158511	3
21160078	-3
21160646	3
21160713	-3
21160725	3
21161857	-3
21162771	3
21162789	-3
21162806	3
21162823	-3
21162839	3
21162989	-3
21163455	3
21163472	-3
21163522	3
21163571	-3
21163623	3
21163662	-3
21163688	3
21163742	-3
21163872	3
21163910	-3
21164043	3
21164072	-3
21164112	3
21164125	-3
21164713	3
21164839	-3
21164858	3
21166878	-3
21167342	3
21167359	-3
21170455	3
21170479	-3
21171589	2
21171628	-2
21171957	2
21171990	-2
21172027	2
21172157	-2
21172172	2
21172224	-2
21172272	2
21172306	-2
21172973	2
21172990	-2
21174508	2
21174522	-2
21174741	2
21174957	-2
21174973	2
21175023	-2
21175057	2
21175093	-2
21175146	2
21175174	-2
21175207	2
21175789	-2
21176777	2
21176908	-2
21176928	2
21177908	-2
21177944	2
21178091	-2
21178107	2
21178261	-2
21179109	2
21179124	-2
21179257	2
21179725	-2
21219124	3
21219157	-3
21219174	3
21219190	-3
21219240	3
21219290	-3
21219307	3
21219656	-3
21220307	3
21220327	-3
21220341	3
21220927	-3
21222124	3
21222558	-3
21223310	3
21223341	-3
21223358	3
21223411	-3
21223441	3
21223474	-3
21223524	3
21223658	-3
21223674	3
21223741	-3
21223758	3
21223824	-3
21223839	3
21223908	-3
21223941	3
21223974	-3
21224172	3
21224193	-3
21224408	3
21224424	-3
21224658	3
21224675	-3
21225308	3
21225940	-3
21226775	3
21228225	-3
21229025	3
21229040	-3
21229058	3
21229108	-3
21229177	3
21229207	-3
21229224	3
21230140	-3
21230175	3
21230209	-3
21230225	3
21230242	-3
21231709	2
21232026	-2
21232076	2
21232092	-2
21232990	2
21233858	-2
21234092	2
21234109	-2
21234343	2
21234476	-2
21235476	2
21235626	-2
21245644	3
21245656	-3
21245692	3
21245822	-3
21247477	3
21247691	-3
21248908	3
21249327	-3
21251378	3
21251391	-3
21251428	3
21251438	-3
21251495	3
21251508	-3
21251559	3
21251575	-3
21252394	3
21252408	-3
21252512	3
21252525	-3
21252721	3
21252745	-3
21253672	3
21253695	-3
21254142	3
21254154	-3
21255471	3
21255493	-3
21256471	3
21256487	-3
21256506	3
21256540	-3
21256654	3
21256674	-3
21257978	4
21257988	-4
21258190	3
21258209	-3
21259175	4
21259188	-4
21259643	3
21259659	-3
21260360	3
21260375	-3
21261608	3
21261623	-3
21263811	3
21263822	-3
21264454	4
21264478	-4
21266525	3
21266537	-3
21267338	4
21267455	-4
21268161	3
21268174	-3
21268979	3
21268987	-3
21269588	3
21269611	-3
21272421	3
21272838	-3
21275155	3
21275175	-3
21275839	3
21275856	-3
21275889	3
21275905	-3
21275942	3
21276075	-3
21276093	3
21276162	-3
21276189	3
21276204	-3
21276289	3
21276306	-3
21276977	3
21276989	-3
21277090	3
21277106	-3
21277788	3
21277805	-3
21278612	3
21279005	-3
21281673	3
21281823	-3
21282040	3
21282056	-3
21282806	3
21282823	-3
21283374	3
21283623	-3
21283975	3
21283990	-3
21284006	3
21284143	-3
21288740	3
21288757	-3
21289657	3
21289674	-3
21291090	3
21291657	-3
21292221	3
21292275	-3
21292441	5
21292457	-5
21293442	3
21293459	-3
21294142	3
21294256	-3
21294958	3
21294974	-3
21296325	3
21296342	-3
21296858	3
21296893	-3
21296925	3
21296957	-3
21297687	3
21297708	-3
21298242	3
21298408	-3
21298425	3
21298442	-3
21298556	3
21298575	-3
21299309	3
21299326	-3
21301076	3
21301092	-3
21301109	3
21301124	-3
21301291	3
21301309	-3
21301776	3
21301792	-3
21302427	3
21302460	-3
21303238	3
21303261	-3
21304592	3
21304609	-3
21305644	3
21305859	-3
21306237	3
21306260	-3
21307493	3
21307626	-3
21308092	3
21308277	-3
21309326	3
21309337	-3
21309938	3
21309960	-3
21309993	3
21310009	-3
21311304	3
21311454	-3
21329321	4
21329339	-4
21488209	4
21488222	-4
21489469	4
21489493	-4
21490686	4
21490709	-4
21491791	4
21491806	-4
21493461	4
21493472	-4
21494806	4
21494820	-4
21498420	4
21498437	-4
21500207	4
21500221	-4
21501839	4
21501855	-4
21504071	4
21504121	-4
21507992	4
21508092	-4
21509422	4
21509441	-4
21510923	4
21510940	-4
21514122	4
21514139	-4
21515475	4
21515490	-4
21517207	4
21517389	-4
21520688	4
21520707	-4
21522322	4
21522339	-4
21523623	4
21523789	-4
21523973	4
21523989	-4
21524623	4
21524637	-4
21525438	4
21525455	-4
21713618	2
21713823	-2
21715190	2
21715251	-2
21716334	2
21716468	-2
21718100	2
21718117	-2
21719489	2
21719535	-2
21721252	2
21721290	-2
21723856	2
21724001	-2
21725085	2
21725252	-2
21730600	2
21730624	-2
21730784	2
21730802	-2
21732051	2
21732073	-2
21737667	2
21737702	-2
21739835	2
21739851	-2
21740435	2
21740451	-2
21741267	2
21741284	-2
21742084	2
21742101	-2
21745184	2
21745201	-2
21748016	2
21748049	-2
21748066	2
21748083	-2
21752149	2
21752200	-2
21753502	2
21753700	-2
21755999	2
21756023	-2
21757466	2
21757522	-2
21760716	2
21760751	-2
21762768	2
21762818	-2
21870416	3
21870434	-3
21870734	3
21870750	-3
21871900	3
21871917	-3
21872249	3
21872267	-3
21874450	3
21874467	-3
21875001	3
21875018	-3
21875551	3
21875584	-3
21876166	3
21876184	-3
21878818	3
21878835	-3
21880118	3
21880135	-3
21880585	3
21880602	-3
21881768	3
21881785	-3
21882585	3
21882685	-3
21882701	3
21882750	-3
21882770	3
21882785	-3
21882801	3
21882819	-3
21882852	3
21882869	-3
21882884	3
21882904	-3
21882952	3
21882968	-3
21883019	3
21883035	-3
21883052	3
21883069	-3
21883100	3
21883119	-3
21885452	3
21885469	-3
21886469	3
21886486	-3
21887086	3
21887103	-3
21887184	3
21887203	-3
21888403	3
21888420	-3
21888467	3
21888620	-3
21888636	3
21888653	-3
21888664	3
21888872	-3
21888951	3
21888984	-3
21889170	3
21889186	-3
21889986	3
21890170	-3
21890686	3
21890701	-3
21891685	3
21891703	-3
21891737	3
21891769	-3
21891820	3
21891836	-3
21891903	3
21891919	-3
21891935	3
21891953	-3
21893020	3
21893034	-3
21893102	3
21893116	-3
21893137	3
21893150	-3
21893187	3
21893202	-3
21893218	3
21893237	-3
21893248	3
21893282	-3
21893320	3
21893385	-3
21893404	3
21893416	-3
21893436	3
21893452	-3
21893498	3
21893520	-3
21893552	3
21893570	-3
21893586	3
21893603	-3
21893619	3
21893637	-3
21893683	3
21893704	-3
21893751	3
21893770	-3
21893802	3
21893837	-3
21894634	3
21894668	-3
21894687	3
21894701	-3
21894720	3
21894736	-3
21894787	3
21894803	-3
21894854	3
21894870	-3
21894884	3
21894898	-3
21894920	3
21894935	-3
21894954	3
21894970	-3
21895018	3
21895037	-3
21895053	3
21895070	-3
21895104	3
21895120	-3
21895134	3
21895153	-3
21895187	3
21895202	-3
21895220	3
21895236	-3
21895687	3
21895703	-3
21896470	3
21896486	-3
21896567	3
21896587	-3
21896603	3
21896620	-3
21896720	3
21896736	-3
21896817	3
21896837	-3
21899004	3
21899019	-3
21899169	3
21899182	-3
21899202	3
21899631	-3
21900638	3
21900652	-3
21900670	3
21900821	-3
21900834	3
21900987	-3
21901002	3
21901018	-3
21901036	3
21901154	-3
21901338	3
21901348	-3
21902236	3
21902253	-3
21902269	3
21902298	-3
21902321	3
21902334	-3
21902353	3
21902369	-3
21902385	3
21902399	-3
21902422	3
21902454	-3
21902465	3
21902488	-3
21902499	3
21902515	-3
21902538	3
21902552	-3
21902567	3
21902588	-3
21902600	3
21902621	-3
21903255	3
21903288	-3
21904287	3
21904422	-3
21906070	3
21906082	-3
21908404	3
21908921	-3
21909406	3
21909418	-3
21909570	3
21909582	-3
21909605	3
21909619	-3
21909922	3
21909933	-3
21911050	3
21911072	-3
21911153	3
21911605	-3
21911616	3
21911670	-3
21911682	3
21911698	-3
21911722	3
21911773	-3
21911784	3
21911804	-3
21911819	3
21911836	-3
21911849	3
21911871	-3
21911883	3
21911900	-3
21913438	3
21913487	-3
21913522	3
21913552	-3
21913565	3
21913585	-3
21913599	3
21913622	-3
21913635	3
21913652	-3
21913665	3
21913688	-3
21913701	3
21913720	-3
21913736	3
21913752	-3
21913770	3
21913781	-3
21913806	3
21913815	-3
21913839	3
21913872	-3
21913914	3
21913935	-3
21914733	3
21914749	-3
21914781	3
21914831	-3
21914888	3
21914901	-3
21914916	3
21914938	-3
21914952	3
21914981	-3
21915005	3
21915018	-3
21915036	3
21915068	-3
21915085	3
21915103	-3
21915115	3
21915152	-3
21915166	3
21915187	-3
21915203	3
21915219	-3
21915236	3
21915247	-3
21915937	3
21915952	-3
21916065	3
21916118	-3
21916133	3
21916150	-3
21916171	3
21916185	-3
21916219	3
21916256	-3
21916267	3
21916283	-3
21916304	3
21916349	-3
21916372	3
21916417	-3
21916431	3
21916455	-3
21916469	3
21916486	-3
21916502	3
21916519	-3
21916535	3
21916548	-3
21916569	3
21916582	-3
21916602	3
21916616	-3
21916638	3
21916652	-3
21916771	3
21916785	-3
21916798	3
21916822	-3
21918197	3
21918381	-3
21918403	3
21918552	-3
21918565	3
21918854	-3
21919203	3
21919215	-3
21919371	3
21919415	-3
21919555	3
21919567	-3
21919855	3
21920021	-3
21923448	3
21923464	-3
21923481	3
21923501	-3
21923520	3
21924498	-3
21924519	3
21924532	-3
21926752	3
21926833	-3
21926983	3
21927065	-3
21927881	3
21928048	-3
21928065	3
21928082	-3
21928352	3
21928514	-3
21929352	3
21929872	-3
21930698	3
21931119	-3
21931134	3
21931148	-3
21931166	3
21931201	-3
21931217	3
21931235	-3
21931249	3
21931366	-3
21931382	3
21931403	-3
21932098	3
21932121	-3
21932133	3
21932751	-3
21933565	3
21933588	-3
21933601	3
21933615	-3
21933631	3
21933671	-3
21933686	3
21933698	-3
21933715	3
21933732	-3
21933748	3
21933765	-3
21933798	3
21933815	-3
21933838	3
21933851	-3
21933865	3
21933881	-3
21933899	3
21933915	-3
21933931	3
21933955	-3
21933968	3
21934002	-3
21934015	3
21934037	-3
21934049	3
21934065	-3
21934082	3
21934099	-3
21934798	3
21935215	-3
21935232	3
21935282	-3
21935298	3
21935321	-3
21935332	3
21935355	-3
21935366	3
21935387	-3
21954322	3
21954332	-3
21956087	3
21956101	-3
21956114	3
21956137	-3
21956198	3
21956214	-3
21956370	3
21956381	-3
21957207	3
21958198	-3
21960405	3
21960415	-3
21960531	3
21960548	-3
21960698	3
21960715	-3
21960864	3
21960881	-3
21960898	3
21960915	-3
21960938	3
21960948	-3
21960965	3
21960988	-3
21960998	3
21961015	-3
21961038	3
21961048	-3
21961065	3
21961082	-3
21961105	3
21961115	-3
21961137	3
21961148	-3
21961164	3
21961182	-3
21961198	3
21961217	-3
21961232	3
21961248	-3
21961332	3
21961348	-3
21977182	3
21977199	-3
21977365	3
21979249	-3
21980066	3
21980483	-3
21981314	3
21981333	-3
21981533	3
21981582	-3
21981616	3
21981666	-3
21981683	3
21981766	-3
21981782	3
21981799	-3
21981816	3
21981833	-3
21981864	3
21981933	-3
21982932	3
21982947	-3
21983116	3
21983133	-3
21983149	3
21983166	-3
21983198	3
21983250	-3
21983266	3
21983285	-3
21983297	3
21983748	-3
22005369	4
22005414	-4
22007919	4
22007935	-4
22010086	4
22010097	-4
22011597	4
22011620	-4
22012835	4
22012852	-4
22014571	4
22014582	-4
22015871	4
22015884	-4
22017752	4
22017769	-4
22017785	4
22017817	-4
22019563	4
22019584	-4
22021437	4
22021472	-4
22023369	4
22023385	-4
22025017	4
22025030	-4
22026885	4
22026902	-4
22027734	4
22027751	-4
22029302	4
22029352	-4
22031063	4
22031080	-4
22032982	4
22032997	-4
22034448	4
22034484	-4
22035098	4
22035120	-4
22036052	4
22036087	-4
22038030	4
22038048	-4
22040282	4
22040297	-4
22041097	4
22041114	-4
22044263	4
22044283	-4
22045602	4
22045618	-4
22050365	4
22050432	-4
22050448	4
22050464	-4
22052901	4
22053197	-4
22053549	4
22053569	-4
22056563	4
22056596	-4
22058151	4
22058165	-4
22059501	4
22059531	-4
22060567	4
22060580	-4
22135416	3
22135933	-3
22136202	3
22136364	-3
22136386	3
22136396	-3
22136488	3
22136665	-3
22136683	3
22136696	-3
22139619	3
22139830	-3
22139966	3
22140101	-3
22140117	3
22140268	-3
22140448	3
22140619	-3
22144117	2
22144535	-2
22144669	2
22144848	-2
22144968	2
22145212	-2
22145231	2
22145249	-2
22145370	2
22145530	-2
22145553	2
22145566	-2
22196712	4
22196880	-4
22269668	3
22269681	-3
22269795	3
22269818	-3
22271100	3
22271117	-3
22271515	3
22271917	-3
22272529	3
22272870	-3
22273765	3
22273784	-3
22274830	3
22274851	-3
22276113	3
22276135	-3
22276868	3
22276881	-3
22277866	3
22277882	-3
22278682	3
22278699	-3
22280114	3
22280132	-3
22280733	3
22280750	-3
22281134	3
22281149	-3
22283166	3
22283183	-3
22283383	3
22283400	-3
22284615	3
22284751	-3
22285450	3
22285465	-3
22285734	3
22285745	-3
22286867	3
22286883	-3
22287683	3
22287767	-3
22287778	3
22287834	-3
22288300	3
22288517	-3
22288678	3
22288701	-3
22288715	3
22288728	-3
22288833	3
22289000	-3
22289034	3
22289050	-3
22289116	3
22289550	-3
22289562	3
22289585	-3
22290217	3
22290250	-3
22290266	3
22290333	-3
22290362	3
22290434	-3
22290444	3
22291166	-3
22291784	3
22291798	-3
22292761	3
22292845	-3
22293251	3
22293545	-3
22293579	3
22293734	-3
22294700	3
22295051	-3
22296344	3
22296361	-3
22296448	3
22296461	-3
22297118	3
22297144	-3
22297168	3
22298052	-3
22298085	3
22298095	-3
22298712	3
22298745	-3
22298778	3
22298836	-3
22298878	3
22299003	-3
22299014	3
22299079	-3
22299102	3
22299202	-3
22299983	3
22300517	-3
22300669	3
22300762	-3
22301412	3
22301812	-3
22302229	3
22302246	-3
22302768	3
22302912	-3
22302929	3
22303029	-3
22304068	3
22304248	-3
22304379	3
22304396	-3
22305030	3
22305546	-3
22306329	3
22306479	-3
22306729	3
22306746	-3
22306763	3
22306796	-3
22307762	3
22307796	-3
22307846	3
22308780	-3
22309397	3
22309413	-3
22309813	3
22309878	-3
22310830	3
22310847	-3
22312112	3
22312131	-3
22312747	3
22312897	-3
22313080	3
22313418	-3
22314714	3
22314880	-3
22314897	3
22314914	-3
22315231	3
22315747	-3
22316364	3
22316381	-3
22316397	3
22316762	-3
22316799	3
22317381	-3
22317998	3
22318614	-3
22319314	3
22319362	-3
22319381	3
22320446	-3
22321065	3
22321265	-3
22322015	3
22322031	-3
22322897	3
22323098	-3
22323365	3
22324365	-3
22324747	3
22325782	-3
22326597	3
22327833	-3
22328849	3
22329666	-3
22330499	3
22331399	-3
22331716	3
22332998	-3
22333866	3
22334733	-3
22335483	3
22336317	-3
22336331	3
22336367	-3
22337246	3
22338217	-3
22339233	3
22339249	-3
22339261	3
22340184	-3
22341050	3
22341066	-3
22341127	3
22341984	-3
22342634	3
22342646	-3
22342663	3
22343168	-3
22343181	3
22343196	-3
22343800	3
22343983	-3
22343994	3
22344017	-3
22344032	3
22344145	-3
22344181	3
22344684	-3
22345433	3
22345851	-3
22346813	3
22347899	-3
22348716	3
22349752	-3
22350327	3
22350946	-3
22351533	3
22352311	-3
22353001	3
22353652	-3
22646578	3
22646661	-3
22647731	3
22647745	-3
22649412	3
22649428	-3
22649911	3
22649961	-3
22655812	3
22655829	-3
22659545	3
22659563	-3
22664112	3
22664146	-3
22669891	3
22669914	-3
22672531	3
22672545	-3
22677098	3
22677109	-3
22681578	3
22681591	-3
22687058	3
22687081	-3
22687678	3
22687696	-3
22687895	3
22687912	-3
22690193	3
22690214	-3
22691563	3
22691579	-3
22694641	3
22695047	-3
22695461	3
22695476	-3
22695491	3
22695515	-3
22697692	3
22697709	-3
22698777	3
22699059	-3
22699578	3
22699597	-3
22699746	3
22699759	-3
22701075	3
22701141	-3
22702829	3
22702891	-3
22703444	3
22703462	-3
22705074	3
22705176	-3
22729580	3
22729613	-3
22729679	3
22729695	-3
22730062	3
22730180	-3
22731514	3
22732114	-3
22733140	3
22733181	-3
22734997	3
22735097	-3
22735111	3
22735148	-3
22735247	3
22735257	-3
22736427	3
22736908	-3
22736925	3
22736941	-3
22737724	3
22737765	-3
22737777	3
22737915	-3
22737924	3
22738558	-3
22739282	3
22739293	-3
22739377	3
22740041	-3
22741130	3
22741325	-3
22742565	3
22742592	-3
22743375	3
22743391	-3
22745542	3
22745775	-3
22746009	3
22746025	-3
22746114	3
22746142	-3
22746842	3
22747143	-3
22748141	3
22748313	-3
22749524	3
22749940	-3
22749957	3
22750759	-3
22752910	3
22753408	-3
22755194	3
22755227	-3
22755427	3
22755444	-3
22757660	3
22757794	-3
22757961	3
22757977	-3
22757994	3
22758144	-3
22758161	3
22758177	-3
22758311	3
22758713	-3
22998095	3
22998128	-3
23000628	3
23001029	-3
23032156	5
23032307	-5
23044507	4
23044575	-4
23061858	2
23061871	-2
23061888	2
23061911	-2
23068438	1
23068455	-1
23070694	1
23070705	-1
23070938	1
23070971	-1
23071006	1
23071072	-1
23071089	1
23071138	-1
23071155	1
23071305	-1
23071322	1
23071339	-1
23071889	1
23071922	-1
23071955	1
23073394	-1
23073406	1
23073426	-1
23073471	1
23073522	-1
23074204	1
23074222	-1
23074255	1
23075523	-1
23075689	1
23075706	-1
23075872	1
23075889	-1
23076389	1
23076572	-1
23081924	2
23081940	-2
23083240	2
23083257	-2
23084426	2
23084441	-2
23085057	2
23085074	-2
23086024	2
23086041	-2
23087875	2
23087990	-2
23089090	2
23089108	-2
23092375	2
23092392	-2
23093442	2
23093459	-2
23094092	2
23094109	-2
23095424	2
23095442	-2
23097809	2
23097826	-2
23497958	3
23498257	-3
23498960	3
23499088	-3
23499888	3
23499900	-3
23499940	3
23500007	-3
23500017	3
23500036	-3
23500968	3
23501020	-3
23501057	3
23501086	-3
23501136	3
23501170	-3
23501208	3
23501233	-3
23501283	3
23501320	-3
23501336	3
23501388	-3
23501420	3
23501456	-3
23501487	3
23501503	-3
23516319	3
23516336	-3
23517136	3
23517153	-3
23518439	3
23518603	-3
23518619	3
23519603	-3
23519621	3
23520220	-3
23521236	3
23521254	-3
23521319	3
23522053	-3
23522870	3
23522887	-3
23523003	3
23523037	-3
23523070	3
23523170	-3
23523685	3
23524153	-3
23524172	3
23524720	-3
23534937	3
23535122	-3
23535888	3
23535922	-3
23536072	3
23537888	-3
23539256	3
23539670	-3
23539889	3
23539905	-3
23539917	3
23540033	-3
23540121	3
23540138	-3
23541104	3
23541121	-3
23541267	3
23541304	-3
23541319	3
23541389	-3
23541422	3
23541720	-3
23541737	3
23542537	-3
23544389	3
23544820	-3
23544836	3
23545721	-3
23545750	3
23545890	-3
23567623	3
23567656	-3
23567671	3
23567709	-3
23567900	3
23567938	-3
23567967	3
23568853	-3
23568867	3
23569000	-3
23569033	3
23569050	-3
23569754	3
23569784	-3
23569800	3
23569867	-3
23569884	3
23570734	-3
23572234	3
23572251	-3
23572351	3
23572551	-3
23572755	3
23575185	-3
23589436	3
23589453	-3
23589585	3
23589606	-3
23590253	3
23590673	-3
23591071	3
23591485	-3
23592952	3
23593139	-3
23593218	3
23593390	-3
23593402	3
23594219	-3
23595020	3
23595036	-3
23595052	3
23595202	-3
23595220	3
23595503	-3
23595852	3
23595871	-3
23595886	3
23596023	-3
23596057	3
23596202	-3
23596220	3
23596236	-3
23597019	3
23597036	-3
23597053	3
23597420	-3
23597469	3
23598235	-3
23598256	3
23598270	-3
23598288	3
23598585	-3
23691484	3
23691504	-3
23692139	3
23692303	-3
23692321	3
23692338	-3
23692484	3
23692501	-3
23693268	3
23693685	-3
23694085	3
23694100	-3
23694157	3
23694168	-3
23694220	3
23694234	-3
23694983	3
23695005	-3
23695734	3
23695934	-3
23697167	3
23697184	-3
23697736	3
23697850	-3
23697867	3
23697900	-3
23697935	3
23697984	-3
23698019	3
23698033	-3
23698067	3
23698122	-3
23698217	3
23698234	-3
23698739	3
23699672	-3
23699822	3
23699836	-3
23700334	3
23700351	-3
23700371	3
23700501	-3
23701167	3
23701187	-3
23701633	3
23701670	-3
23701988	3
23701999	-3
23702023	3
23702335	-3
23702382	3
23702440	-3
23702488	3
23702533	-3
23702566	3
23702606	-3
23702656	3
23702689	-3
23702733	3
23702767	-3
23702817	3
23702867	-3
23702900	3
23702933	-3
23703087	3
23703100	-3
23703136	3
23703150	-3
23704139	3
23704233	-3
23706189	3
23706251	-3
23706584	3
23706755	-3
23706790	3
23706817	-3
23706850	3
23706884	-3
23706950	3
23706967	-3
23707016	3
23707050	-3
23707100	3
23707121	-3
23707172	3
23707199	-3
23707616	3
23707751	-3
23710433	3
23711250	-3
23711422	3
23711433	-3
23711934	3
23713333	-3
23716083	2
23716106	-2
23719136	2
23719283	-2
23719633	2
23719655	-2
23719803	2
23720100	-2
23720138	2
23720283	-2
23720448	2
23720466	-2
23720633	2
23720665	-2
23720801	2
23720938	-2
23722099	3
23722117	-3
23722149	3
23723150	-3
23723166	3
23723182	-3
23764186	3
23764203	-3
23764654	3
23764669	-3
23765371	3
23765452	-3
23766221	3
23766455	-3
23766536	3
23766698	-3
23767004	3
23767038	-3
23767171	3
23767354	-3
23767366	3
23767521	-3
23767549	3
23767681	-3
23767821	3
23767836	-3
23768820	3
23768850	-3
23768986	3
23769003	-3
23769622	3
23769635	-3
23771720	3
23771849	-3
23771871	3
23771906	-3
23772320	3
23772503	-3
23772688	3
23773555	-3
23779887	2
23779903	-2
23782149	2
23782167	-2
23784620	1
23784714	-1
23845383	3
23845682	-3
23851283	3
23851304	-3
23852584	3
23852601	-3
23853184	3
23853200	-3
23853866	3
23853884	-3
23855516	3
23855532	-3
23856417	3
23856434	-3
23858101	3
23858118	-3
23859402	3
23859417	-3
23859999	3
23860035	-3
23861616	3
23861635	-3
23862685	3
23862702	-3
23863317	3
23863335	-3
23864152	3
23864169	-3
23864802	3
23864818	-3
23865483	3
23865500	-3
23866119	3
23866135	-3
23869403	3
23869419	-3
23870019	3
23870035	-3
23870470	3
23870485	-3
23871253	3
23871386	-3
23871886	3
23871897	-3
23872670	3
23872682	-3
23873353	3
23873485	-3
23874003	3
23874018	-3
23874653	3
23874668	-3
23875167	3
23875201	-3
23876622	3
23876633	-3
23877630	3
23877654	-3
23878298	3
23878320	-3
23878913	3
23878952	-3
23879552	3
23879568	-3
23880238	3
23880247	-3
23880271	3
23880284	-3
23881754	3
23881767	-3
23882653	3
23882667	-3
23883138	3
23883151	-3
23883655	3
23883817	-3
23884115	3
23884130	-3
23932320	2
23932455	-2
23933214	2
23933234	-2
23933252	2
23933285	-2
23935547	2
23935586	-2
23937736	2
23937771	-2
23938879	2
23938903	-2
23948471	3
23948481	-3
23948614	3
23948634	-3
23951233	3
23951249	-3
23952052	3
23952083	-3
23953281	3
23953298	-3
23953965	3
23953981	-3
23954031	3
23954048	-3
23955198	3
23955215	-3
23955965	3
23955982	-3
23956797	3
23956815	-3
23957465	3
23957482	-3
23958282	3
23958299	-3
23959016	3
23959032	-3
23959732	3
23959749	-3
23960381	3
23960399	-3
23961380	3
23961399	-3
23962086	3
23962097	-3
23964431	3
23964448	-3
23965051	3
23965066	-3
23965665	3
23965683	-3
23965715	3
23965733	-3
23967300	3
23967317	-3
24009648	2
24009666	-2
24010718	2
24010884	-2
24012362	2
24012384	-2
24023217	2
24023230	-2
24026263	2
24026286	-2
24026800	2
24026814	-2
24027968	2
24027979	-2
24029136	2
24029148	-2
24030433	2
24030445	-2
24034134	2
24034150	-2
24039401	2
24039501	-2
24040201	2
24040213	-2
24040236	2
24040249	-2
24040266	2
24040284	-2
24040301	2
24040316	-2
24040350	2
24040367	-2
24040446	2
24040467	-2
24040518	2
24040551	-2
24040650	2
24040667	-2
24041147	2
24041169	-2
24042047	2
24042067	-2
24044200	2
24044234	-2
24045001	2
24045017	-2
24049634	2
24050045	-2
24053779	2
24053798	-2
24053817	2
24053829	-2
24053845	2
24053870	-2
24053965	2
24053979	-2
24053996	2
24054017	-2
24054029	2
24054062	-2
24054086	2
24054096	-2
24054112	2
24054136	-2
24054146	2
24054162	-2
24056496	2
24056513	-2
24058019	2
24058030	-2
24058846	2
24058865	-2
24058879	2
24058896	-2
24058913	2
24058929	-2
24058967	2
24058980	-2
24059463	2
24059613	-2
24059880	2
24059897	-2
24059913	2
24059929	-2
24059947	2
24059963	-2
24060897	2
24061030	-2
24061047	2
24061069	-2
24061912	2
24061930	-2
24062017	2
24062030	-2
24062114	2
24062130	-2
24062147	2
24062164	-2
24062180	2
24062197	-2
24062301	2
24062314	-2
24063150	2
24063279	-2
24063347	2
24063363	-2
24063380	2
24063397	-2
24063417	2
24063429	-2
24063446	2
24063463	-2
24063480	2
24063497	-2
24063529	2
24063547	-2
24063564	2
24063581	-2
24064714	2
24064731	-2
24064947	2
24064964	-2
24066079	2
24066097	-2
24066264	2
24066284	-2
24067412	2
24067431	-2
24067598	2
24067614	-2
24068063	2
24068081	-2
24069448	2
24069463	-2
24069481	2
24069498	-2
24069515	2
24069580	-2
24069598	2
24069667	-2
24069681	2
24069696	-2
24069714	2
24069731	-2
24069813	2
24069832	-2
24069848	2
24069863	-2
24070696	2
24070849	-2
24070864	2
24070898	-2
24070915	2
24070931	-2
24070946	2
24070965	-2
24070982	2
24070997	-2
24071014	2
24071032	-2
24071048	2
24071064	-2
24071080	2
24071098	-2
24071115	2
24071148	-2
24071165	2
24071182	-2
24071682	2
24071698	-2
24071715	2
24071732	-2
24071899	2
24071915	-2
24071932	2
24071947	-2
24072146	2
24072165	-2
24072182	2
24072196	-2
24072215	2
24072232	-2
24072248	2
24072265	-2
24072282	2
24072298	-2
24072315	2
24072332	-2
24072398	2
24072415	-2
24072432	2
24072448	-2
24072532	2
24072548	-2
24072565	2
24072582	-2
24072598	2
24072613	-2
24072634	2
24072648	-2
24073632	2
24073647	-2
24073665	2
24073682	-2
24073780	2
24073799	-2
24073851	2
24073865	-2
24073947	2
24074132	-2
24074365	2
24074382	-2
24090800	2
24090812	-2
24091767	2
24091781	-2
24092234	2
24092362	-2
24092385	2
24092417	-2
24092433	2
24092447	-2
24092468	2
24092481	-2
24093051	2
24093062	-2
24093951	2
24093966	-2
24094418	2
24094432	-2
24095068	2
24095100	-2
24095418	2
24095432	-2
24097280	2
24097302	-2
24098200	2
24098217	-2
24099180	2
24099201	-2
24100835	2
24100849	-2
24100866	2
24100884	-2
24100900	2
24100951	-2
24100965	2
24100981	-2
24100995	2
24101019	-2
24101032	2
24101046	-2
24101150	2
24101162	-2
24101186	2
24101199	-2
24101253	2
24101262	-2
24101280	2
24101301	-2
24101852	2
24101866	-2
24102466	2
24102482	-2
24102500	2
24102528	-2
24102552	2
24102566	-2
24102582	2
24102595	-2
24102618	2
24102632	-2
24102645	2
24102662	-2
24102695	2
24102718	-2
24103383	2
24103394	-2
24103729	2
24103752	-2
24103762	2
24103783	-2
24103898	2
24103912	-2
24104086	2
24104095	-2
24104248	2
24104267	-2
24105264	2
24105281	-2
24105418	2
24105432	-2
24111017	3
24111031	-3
24111483	3
24111636	-3
24111911	3
24111936	-3
24112051	3
24112065	-3
24112137	3
24112148	-3
24112301	3
24112316	-3
24112363	3
24112384	-3
24112395	3
24112415	-3
24112770	3
24112781	-3
24113547	3
24113879	-3
24113902	3
24113915	-3
24113928	3
24114071	-3
24114080	3
24114368	-3
24114720	3
24114731	-3
24114879	3
24114901	-3
24114913	3
24114931	-3
24115050	3
24115066	-3
24115081	3
24115101	-3
24115368	3
24115536	-3
24116047	3
24116066	-3
24116178	3
24116202	-3
24116270	3
24116295	-3
24116319	3
24116330	-3
24116349	3
24116470	-3
24116501	3
24116550	-3
24116566	3
24116651	-3
24116665	3
24116683	-3
24116700	3
24116711	-3
24116735	3
24116748	-3
24116763	3
24116784	-3
24116799	3
24116814	-3
24116832	3
24116850	-3
24116865	3
24116901	-3
24116915	3
24116930	-3
24116949	3
24116962	-3
24116983	3
24116998	-3
24117016	3
24117050	-3
24117066	3
24117079	-3
24119685	2
24119785	-2
24120084	2
24120701	-2
24171579	4
24171713	-4
24180264	3
24180329	-3
24187365	3
24187381	-3
24251066	2
24251081	-2
24252400	2
24252481	-2
24327102	2
24327231	-2
24335131	2
24335260	-2
24336762	2
24336901	-2
24337926	2
24337951	-2
24360330	2
24360432	-2
24412280	2
24412447	-2
24415214	4
24415314	-4
24419714	4
24419743	-4
24422297	4
24422481	-4
24572527	2
24572577	-2
24575262	2
24575277	-2
24578611	2
24578628	-2
24607808	4
24607825	-4
24609158	4
24609192	-4
24611142	4
24611175	-4
24789473	3
24789658	-3
24933260	2
24933438	-2
24934255	2
24934428	-2
24934962	2
24934971	-2
24936028	2
24936038	-2
24936862	2
24937255	-2
24938079	2
24938089	-2
24938891	2
24939306	-2
24940545	2
24940556	-2
24941245	2
24941462	-2
24941473	2
24941489	-2
24941708	2
24941723	-2
24941839	2
24941855	-2
24943706	2
24943843	-2
24945195	2
24945206	-2
24945856	2
24945990	-2
24946473	2
24946605	-2
24947510	2
24947523	-2
24948724	2
24949140	-2
24951373	2
24951507	-2
24951674	2
24951691	-2
24952361	2
24952491	-2
24953356	2
24953658	-2
24954173	2
24954191	-2
24954774	2
24954807	-2
24954858	2
24954874	-2
24954908	2
24954957	-2
24954990	2
24955041	-2
24955074	2
24955108	-2
24955141	2
24955191	-2
24955223	2
24955275	-2
24955308	2
24955325	-2
24956058	2
24956773	-2
24957557	2
24957808	-2
24958225	2
24958241	-2
24958308	2
24958358	-2
24958457	2
24958491	-2
24958558	2
24958575	-2
24959074	2
24959092	-2
24959292	2
24960108	-2
24960525	2
24960542	-2
24960758	2
24961825	-2
24962642	2
24962659	-2
24962807	2
24962825	-2
24963692	2
24963825	-2
24964142	2
24964176	-2
24964276	2
24965292	-2
24968391	2
24968409	-2
24969074	2
24969110	-2
24969308	2
24969343	-2
24969376	2
24969426	-2
24969460	2
24969493	-2
24969539	2
24969576	-2
25086788	2
25086806	-2
25125423	3
25125439	-3
25125722	3
25125739	-3
25126422	3
25126439	-3
25126456	3
25126725	-3
25131006	3
25131023	-3
25132024	3
25132041	-3
25133457	3
25133474	-3
25134955	3
25135090	-3
25136557	3
25136574	-3
25137958	3
25137972	-3
25139402	3
25139558	-3
25141170	3
25141191	-3
25141475	3
25141491	-3
25143642	3
25143658	-3
25146007	3
25146024	-3
25149702	3
25149725	-3
25150819	3
25150839	-3
25152103	3
25152119	-3
25153093	3
25153156	-3
25153341	3
25153354	-3
25154203	3
25154220	-3
25244673	2
25244689	-2
25315941	2
25316353	-2
25316872	2
25316889	-2
25317389	2
25317434	-2
25318169	2
25318190	-2
25318819	2
25318837	-2
25319640	2
25319651	-2
25320657	2
25320668	-2
25321676	2
25321685	-2
25424074	3
25424086	-3
25424584	3
25424607	-3
25424769	3
25424785	-3
25425786	3
25425800	-3
25425824	3
25425836	-3
25467907	2
25467918	-2
25468186	2
25468200	-2
25468936	2
25469136	-2
25469669	2
25469684	-2
25470101	2
25470123	-2
25471018	2
25471035	-2
25471356	2
25471401	-2
25472389	2
25472401	-2
25473085	2
25473101	-2
25473552	2
25473568	-2
25474669	2
25474757	-2
25475685	2
25475874	-2
25476136	2
25476151	-2
25479166	2
25479183	-2
25479235	2
25479301	-2
25479987	2
25480001	-2
25480135	2
25480202	-2
25480216	2
25480402	-2
25480416	2
25480485	-2
25481019	2
25481035	-2
25481183	2
25481200	-2
25481533	2
25481550	-2
25481700	2
25481716	-2
25492051	3
25492068	-3
25508254	3
25508671	-3
25509070	3
25509087	-3
25511254	3
25511271	-3
25513371	3
25513387	-3
25514404	3
25514438	-3
25514471	3
25514521	-3
25514571	3
25514587	-3
25514738	3
25514753	-3
25514821	3
25514837	-3
25514888	3
25514938	-3
25514971	3
25515021	-3
25515054	3
25515837	-3
25519105	3
25519121	-3
25520405	3
25520420	-3
25549183	2
25549467	-2
25549634	2
25549654	-2
25550150	2
25550166	-2
25550449	2
25550472	-2
25551467	2
25551488	-2
25552087	2
25552300	-2
25554134	3
25554155	-3
25555150	3
25555170	-3
25557533	3
25557555	-3
25558301	3
25558318	-3
25558334	3
25558821	-3
25558850	3
25559123	-3
25559818	3
25559834	-3
25561700	3
25561807	-3
25561817	3
25561833	-3
25562322	3
25562451	-3
25566000	3
25566117	-3
25569706	3
25569717	-3
25569866	5
25569883	-5
25570967	5
25570983	-5
25571016	3
25571051	-3
25571789	3
25571800	-3
25571817	3
25571834	-3
25571967	5
25571987	-5
25572016	5
25572033	-5
25572051	5
25572083	-5
25572100	5
25572116	-5
25572806	5
25572817	-5
25573316	3
25573332	-3
25573384	3
25573416	-3
25573453	3
25573505	-3
25573532	3
25573549	-3
25573604	3
25573633	-3
25573822	3
25573866	-3
25573883	3
25573932	-3
25573956	3
25573984	-3
25574483	5
25574533	-5
25574849	3
25574867	-3
25574966	3
25574983	-3
25575183	3
25575302	-3
25575400	3
25575439	-3
25575452	3
25575466	-3
25575816	5
25575855	3
25575866	-5
25575884	-3
25575916	5
25575955	-5
25575967	5
25575983	3
25576016	-5
25576038	-3
25576100	3
25576119	-3
25576266	5
25576283	-5
25577183	5
25577255	-5
25577300	5
25577449	-5
25577800	5
25577816	-5
25577984	5
25578000	-5
25578300	3
25578315	-3
25579133	3
25579267	5
25579283	-3
25579432	3
25579615	-5
25580015	-3
25580983	3
25580999	-3
25581268	3
25581284	-3
25581316	3
25581384	5
25581487	-3
25581500	-5
25581516	5
25581617	3
25581849	-5
25581983	5
25581998	-5
25582087	5
25582100	-5
25582183	5
25582267	-3
25582287	3
25582298	-3
25582689	-5
25582699	5
25582718	-5
25583016	3
25583033	-3
25583166	3
25583206	-3
25583298	3
25583753	-3
25584004	3
25584599	-3
25584623	3
25584767	-3
25584833	3
25584872	-3
25584883	3
25585049	-3
25585299	5
25585434	-5
25585666	5
25585681	-5
25586387	5
25586435	-5
25586716	3
25586766	-3
25586934	3
25587116	-3
25587282	3
25587298	-3
25587954	3
25587966	-3
25588117	3
25588450	-3
25588465	5
25588615	-5
25588748	5
25588765	-5
25589131	3
25589682	5
25589750	-5
25589798	5
25589999	-5
25590365	-3
25590399	5
25590503	-5
25590515	5
25590534	3
25590548	-5
25590582	5
25590600	-5
25590732	-3
25599583	5
25599600	-5
25600233	5
25600250	-5
25600750	5
25600767	-5
25602083	5
25602100	-5
25603553	5
25603567	-5
25605001	5
25605017	-5
25605715	5
25605884	-5
25606351	5
25606367	-5
25606537	5
25606551	-5
25606701	5
25606999	-5
25608351	5
25608368	-5
25610951	5
25610966	-5
25613835	5
25613852	-5
25614502	5
25614518	-5
25615084	5
25615319	-5
25615351	5
25615569	-5
25615600	5
25615650	-5
25615734	5
25615869	-5
25616685	5
25616719	-5
25616869	5
25617702	-5
25617719	5
25617869	-5
25618486	5
25618752	-5
25618868	5
25618886	-5
25619320	5
25619386	-5
25619403	5
25619419	-5
25620267	5
25620319	-5
25753080	4
25753468	-4
25753597	4
25753663	-4
25754119	4
25754734	-4
25817298	3
25817314	-3
25817847	3
25817921	-3
25818065	3
25818081	-3
25818214	3
25818233	-3
25818886	3
25818898	-3
25819186	3
25819365	-3
25819881	3
25819898	-3
25820181	3
25820381	-3
25821632	3
25821648	-3
25822832	3
25822848	-3
25823449	3
25823468	-3
25823865	3
25823882	-3
25824681	3
25824698	-3
25824719	3
25824732	-3
25825898	3
25825916	-3
25826099	3
25826116	-3
25826531	3
25826566	-3
25827014	3
25827216	-3
25828148	3
25828166	-3
25828816	3
25828999	-3
25829333	3
25829349	-3
25830750	3
25830766	-3
25832016	3
25832033	-3
25832050	3
25832067	-3
25832367	3
25832383	-3
25832600	3
25832617	-3
25834017	3
25834033	-3
25834917	3
25834933	-3
25835533	3
25835550	-3
25835950	3
25835967	-3
25836618	3
25836634	-3
25839151	3
25839184	-3
25839449	3
25839466	-3
25839630	3
25839651	-3
25843332	3
25843351	-3
25843485	3
25843500	-3
25844951	3
25845001	-3
25846185	3
25846263	-3
25847069	3
25847102	-3
25847116	3
25847134	-3
25847800	3
25847817	-3
25849101	3
25849262	-3
25849637	3
25849802	-3
25849885	3
25849901	-3
25850486	3
25850686	-3
25850786	3
25850800	-3
25851715	3
25851736	-3
25853153	3
25853186	-3
25854984	3
25855000	-3
25856470	3
25856620	-3
25857920	3
25857932	-3
25859431	3
25859450	-3
25861114	3
25861136	-3
25862079	3
25862136	-3
25866298	3
25866318	-3
25866429	3
25866452	-3
25866599	3
25866615	-3
25866769	3
25866781	-3
25866983	3
25867112	-3
25868413	3
25868432	-3
25870550	3
25870567	-3
26355125	3
26355142	-3
26355265	3
26355275	-3
26355949	3
26356115	-3
26356525	3
26356541	-3
26356848	3
26356862	-3
26357347	3
26357359	-3
26357408	3
26357631	-3
26357642	3
26357793	-3
26358442	3
26358458	-3
26358625	3
26358796	-3
26358965	3
26358975	-3
26359631	3
26359658	-3
26359792	3
26359809	-3
26359830	3
26359981	-3
26359992	3
26360145	-3
26361298	3
26361308	-3
26362032	3
26362058	-3
26362165	3
26362242	-3
26362792	3
26363511	-3
26364142	3
26364277	-3
26364309	3
26364341	-3
26364376	3
26364392	-3
26364458	3
26364476	-3
26364663	3
26364676	-3
26365359	3
26365576	-3
26366326	3
26366343	-3
26366642	3
26366796	-3
26367275	3
26367293	-3
26368264	3
26368276	-3
26369093	3
26369110	-3
26369694	3
26369710	-3
26370293	3
26370310	-3
26370777	3
26370794	-3
26371443	3
26371463	-3
26371477	3
26371760	-3
26371794	3
26371827	-3
26371861	3
26371893	-3
26372010	3
26372027	-3
26372477	3
26372492	-3
26372510	3
26373027	-3
26373494	3
26374160	-3
26374696	3
26374711	-3
26374744	3
26374944	-3
26375111	3
26375127	-3
26375928	3
26376394	-3
26399776	3
26399797	-3
26400181	3
26400597	-3
26400914	3
26400929	-3
26401775	3
26401798	-3
26403464	3
26403881	-3
26423275	2
26423297	-2
26423412	2
26423448	-2
26423461	2
26423498	-2
26428662	2
26428942	-2
26429098	2
26429225	-2
26429282	2
26429293	-2
26429331	2
26429674	-2
26431114	2
26431526	-2
26431558	2
26431707	-2
26431742	2
26431909	-2
26432941	2
26433059	-2
26433094	2
26433293	-2
26433326	2
26433676	-2
26433693	2
26433909	-2
26435276	2
26435443	-2
26435460	2
26435632	-2
26435793	2
26435827	-2
26437478	2
26437495	-2
26437512	2
26437562	-2
26437577	2
26437608	-2
26437627	2
26437727	-2
26437745	2
26437796	-2
26437810	2
26437848	-2
26437861	2
26437977	-2
26438692	2
26439059	-2
26439093	2
26439511	-2
26439529	2
26439714	-2
26439744	2
26440127	-2
26441346	2
26441510	-2
26441561	2
26441963	-2
26441977	2
26442581	-2
26444577	2
26444876	-2
26445060	2
26445411	-2
26445429	2
26445743	-2
26446061	2
26446227	-2
26446245	2
26446578	-2
26448728	2
26448928	-2
26448994	2
26449212	-2
26449245	2
26449525	-2
26449578	2
26449796	-2
26451995	2
26452412	-2
26452428	2
26452912	-2
26453129	2
26453513	-2
26453529	2
26453864	-2
26456029	2
26456041	-2
26456062	2
26456193	-2
26456211	2
26456224	-2
26456246	2
26456261	-2
26456429	2
26456441	-2
26456463	2
26456714	-2
26456831	2
26456930	-2
26456962	2
26457063	-2
26457079	2
26457110	-2
26457129	2
26457141	-2
26457163	2
26457196	-2
26457207	2
26457229	-2
26458345	2
26458465	-2
26458473	2
26458574	-2
26458596	2
26458957	-2
26458980	2
26459196	-2
26459246	2
26459678	-2
26460590	2
26460814	-2
26460823	2
26461430	-2
26461445	2
26461830	-2
26461840	2
26461912	-2
26461924	2
26472125	-2
26472141	2
26493227	-2
26493361	2
26508527	-2
26508541	2
26515496	-2
26515797	2
26525496	-2
26525511	2
26536182	-2
26536391	2
26537614	-2
26537981	2
26635939	1
26635973	-1
26637189	1
26637208	-1
26648324	1
26648457	-1
26648506	1
26648644	-1
26648806	1
26648826	-1
27056788	-2
27318136	2
27318152	-2
27318171	2
27318185	-2
27318953	2
27319356	-2
27320136	2
27320220	-2
27320366	2
27320389	-2
27321019	2
27321038	-2
27321857	2
27321868	-2
27321885	2
27322018	-2
27325302	2
27325705	-2
27326319	2
27326339	-2
27329618	2
27329638	-2
27330156	2
27330341	-2
27332151	2
27332168	-2
27332316	2
27332335	-2
27332502	2
27332518	-2
27332886	2
27332902	-2
27333468	2
27333489	-2
27333501	2
27333518	-2
27333539	2
27333552	-2
27333905	2
27333918	-2
27339288	2
27339302	-2
27387950	2
27387972	-2
27401336	4
27401389	-4
27403534	4
27403552	-4
27404972	4
27404985	-4
27405589	4
27405602	-4
27406465	4
27406482	-4
27426033	3
27426051	-3
27431384	3
27431404	-3
27936225	3
27936244	-3
27937077	3
27937093	-3
27937561	3
27937594	-3
27937841	3
27937861	-3
27938841	3
27938862	-3
27939845	3
27939861	-3
27940841	3
27940862	-3
27942908	5
27942928	-5
27945094	5
27945110	-5
27945512	5
27945528	-5
27985593	4
27985611	-4
28276408	3
28276427	-3
28277027	3
28277041	-3
28277093	3
28277109	-3
28278661	3
28278875	-3
28280294	3
28280493	-3
28281594	3
28281608	-3
28282743	3
28282760	-3
28287277	3
28287294	-3
28287444	3
28287458	-3
28289527	3
28289541	-3
28290444	3
28290458	-3
28290777	3
28290791	-3
28291757	3
28291776	-3
28292093	3
28292110	-3
28307209	3
28307226	-3
28308173	3
28308191	-3
28309757	3
28309774	-3
28310577	3
28310591	-3
28311727	3
28311740	-3
28312440	3
28312459	-3
28312526	3
28312541	-3
28312607	3
28312626	-3
28312692	3
28312710	-3
28312724	3
28312740	-3
28312759	3
28312777	-3
28313893	3
28313909	-3
28314508	3
28314693	-3
28315126	3
28315226	-3
28315741	3
28315759	-3
28316140	3
28316159	-3
28317140	3
28317160	-3
28318226	3
28318440	-3
28318743	3
28318759	-3
28320540	3
28320559	-3
28321408	3
28321424	-3
28323208	3
28323225	-3
28323259	3
28323275	-3
28323341	3
28323408	-3
28323426	3
28323459	-3
28323891	3
28323926	-3
28324526	3
28324541	-3
28324559	3
28324674	-3
28324725	3
28324942	-3
28324992	3
28325026	-3
28325074	3
28325125	-3
28325141	3
28325159	-3
28326959	3
28326974	-3
28327958	3
28327975	-3
28340525	2
28340543	-2
28340926	2
28340940	-2
28341540	2
28341557	-2
28341957	2
28342358	-2
28343992	2
28344007	-2
28345640	2
28345658	-2
28346491	2
28346540	-2
28355240	3
28355258	-3
28357991	3
28358006	-3
28358476	3
28358490	-3
28358991	3
28359006	-3
28360058	3
28360073	-3
28360574	3
28360591	-3
28361225	3
28361241	-3
28361509	3
28361559	-3
28361574	3
28361791	-3
28361824	3
28361858	-3
28361891	3
28361944	-3
28361977	3
28362024	-3
28362040	3
28362091	-3
28362125	3
28362192	-3
28362207	3
28362225	-3
28363856	3
28363873	-3
28364473	3
28364491	-3
28364525	3
28364572	-3
28364606	3
28364640	-3
28364677	3
28364725	-3
28364758	3
28364810	-3
28364840	3
28364892	-3
28364923	3
28364939	-3
28364958	3
28364973	-3
28365442	3
28365458	-3
28365659	3
28365723	-3
28365923	3
28366340	-3
28367507	3
28367525	-3
28367673	3
28367691	-3
28368791	3
28368806	-3
28381892	3
28381907	-3
28382507	3
28382524	-3
28383124	3
28383140	-3
28383723	3
28383740	-3
28392742	3
28393158	-3
28393675	3
28393692	-3
28396406	3
28396424	-3
28419157	3
28419576	-3
28420190	3
28420808	-3
28421423	3
28421439	-3
28421823	3
28421843	-3
28422372	3
28422456	-3
28422823	3
28422839	-3
28423105	3
28423123	-3
28423288	3
28423305	-3
28424090	3
28424109	-3
28424605	3
28424623	-3
28434756	4
28434773	-4
28441074	2
28441090	-2
28441508	2
28441523	-2
28442074	2
28442206	-2
28443355	2
28443375	-2
28444507	2
28444523	-2
28445571	2
28445789	-2
28447225	2
28447241	-2
28450089	2
28450489	-2
28451695	2
28451711	-2
28452045	2
28452062	-2
28452845	2
28452863	-2
28453327	2
28453344	-2
28453497	2
28453511	-2
28453678	2
28453695	-2
28457095	2
28457164	-2
28457463	2
28457477	-2
28464011	2
28464027	-2
28465044	2
28465060	-2
28466061	2
28466094	-2
28466262	2
28466277	-2
28467295	2
28467477	-2
28468928	2
28468944	-2
28469478	2
28469495	-2
28470412	2
28470545	-2
28470895	2
28470913	-2
28470929	2
28471062	-2
28471345	2
28471362	-2
28472028	2
28472328	-2
28472712	2
28472846	-2
28473011	2
28473129	-2
28473163	2
28473179	-2
28474213	2
28474279	-2
28474346	2
28474362	-2
28481826	3
28481844	-3
28482342	3
28482359	-3
28483476	3
28483497	-3
28661984	2
28662101	-2
28663901	2
28663932	-2
28665535	2
28665585	-2
28666549	2
28666569	-2
28668202	2
28668219	-2
28672153	2
28672165	-2
28672816	2
28672866	-2
28673949	2
28674016	-2
28681850	2
28681865	-2
28684583	2
28684600	-2
28686451	2
28686484	-2
28687667	2
28687817	-2
28696068	2
28696084	-2
28705218	2
28705250	-2
28705266	2
28705284	-2
28717336	3
28717349	-3
28718135	3
28718151	-3
28718516	3
28718652	-3
28719498	3
28719652	-3
28721232	3
28721249	-3
28723281	3
28723302	-3
28724815	3
28724833	-3
28729616	3
28729632	-3
28731198	3
28731216	-3
28731231	3
28731265	-3
28732716	3
28732733	-3
28979715	4
28979728	-4
28979911	4
28979932	-4
28980528	4
28980548	-4
28981562	4
28981579	-4
28981965	4
28981980	-4
28982766	4
28983028	-4
28983382	4
28983396	-4
28984213	4
28984230	-4
28986484	4
28986495	-4
28990935	4
28990948	-4
29014264	3
29014280	-3
29014433	3
29014447	-3
29015152	3
29015247	-3
29016217	3
29016230	-3
29016248	3
29016264	-3
29016284	3
29016295	-3
29016314	3
29016334	-3
29017400	3
29017484	-3
29017631	3
29017647	-3
29017681	3
29017701	-3
29019044	3
29019064	-3
29019647	3
29019681	-3
29019728	3
29019747	-3
29019981	3
29020000	-3
29020980	3
29021231	-3
29021464	3
29021480	-3
29021565	3
29021613	-3
29021631	3
29021648	-3
29021764	3
29021783	-3
29021932	3
29021948	-3
29022113	3
29022132	-3
29022149	3
29022300	-3
29022314	3
29022577	-3
29023113	3
29023145	-3
29023314	3
29023446	-3
29023582	3
29023744	-3
29023764	3
29023780	-3
29023930	3
29023964	-3
29024095	3
29024132	-3
29024264	3
29024282	-3
29024297	3
29024364	-3
29024398	3
29024531	-3
29024548	3
29024614	-3
29024630	3
29024783	-3
29024797	3
29024867	-3
29024897	3
29024948	-3
29024985	3
29025114	-3
29025148	3
29025215	-3
29025269	3
29025281	-3
29026231	3
29026247	-3
29026281	3
29026298	-3
29026365	3
29026380	-3
29026415	3
29026616	-3
29026665	3
29026682	-3
29026714	3
29026768	-3
29026799	3
29027147	-3
29027182	3
29027198	-3
29027717	3
29027732	-3
29027749	3
29027846	-3
29027898	3
29027911	-3
29027964	3
29027999	-3
29028033	3
29028078	-3
29028112	3
29028149	-3
29028199	3
29028232	-3
29028244	3
29028316	-3
29028331	3
29028399	-3
29028415	3
29029032	-3
29029065	3
29029081	-3
29029099	3
29029114	-3
29029582	3
29030564	-3
29031078	3
29032352	-3
29032866	3
29032883	-3
29032899	3
29033031	-3
29033169	3
29034066	-3
29034099	3
29034116	-3
29041167	3
29041517	-3
29041528	3
29041849	-3
29042678	3
29043494	-3
29044783	3
29044816	-3
29044830	3
29044849	-3
29044877	3
29044900	-3
29044911	3
29044933	-3
29044977	3
29045002	-3
29045033	3
29045635	-3
29048078	3
29048094	-3
29048128	3
29048166	-3
29048178	3
29048194	-3
29048250	3
29048265	-3
29048278	3
29048299	-3
29048728	3
29048745	-3
29048861	3
29048878	-3
29049095	3
29049145	-3
29049216	3
29049228	-3
29050628	3
29050645	-3
29050666	3
29050682	-3
29050816	3
29050985	-3
29050995	3
29051628	-3
29051816	3
29051828	-3
29052328	3
29052644	-3
29052661	3
29052816	-3
29052829	3
29052844	-3
29052999	3
29053028	-3
29053161	3
29053183	-3
29053227	3
29053262	-3
29053300	3
29053312	-3
29054495	3
29054779	-3
29054829	3
29055496	-3
29056316	3
29056812	-3
29056833	3
29056846	-3
29056862	3
29056896	-3
29057446	3
29057496	-3
29058163	3
29058179	-3
29058196	3
29058216	-3
29058229	3
29058296	-3
29058329	3
29058363	-3
29058413	3
29058983	-3
29059544	3
29060861	-3
29061499	3
29062300	-3
29062828	3
29063480	-3
29063962	3
29065083	-3
29065095	3
29065112	-3
29065730	3
29066763	-3
29067365	3
29068397	-3
29068629	3
29068647	-3
29068662	3
29069530	-3
29070148	3
29070181	-3
29070313	3
29070331	-3
29070348	3
29070362	-3
29070629	3
29070646	-3
29071312	3
29071962	-3
29071981	3
29071998	-3
29072396	3
29072415	-3
29072915	3
29072931	-3
29073382	3
29073398	-3
29176729	2
29176913	-2
29180230	2
29180630	-2
29181447	2
29181464	-2
29184047	2
29184064	-2
29186730	2
29186747	-2
29190465	2
29190881	-2
29191697	2
29191711	-2
29194713	2
29194731	-2
29198460	2
29198482	-2
29200133	2
29200147	-2
29200165	2
29200177	-2
29209231	3
29209244	-3
29215229	3
29215384	-3
29217296	3
29217310	-3
29217679	3
29217694	-3
29219960	3
29219979	-3
29222013	3
29222029	-3
29223995	3
29224012	-3
29230342	3
29230359	-3
29232776	3
29233059	-3
29234559	3
29234576	-3
29234877	3
29234893	-3
29235025	3
29235044	-3
29235212	3
29235226	-3
29235377	3
29235396	-3
29235726	3
29235744	-3
29238959	3
29238975	-3
29240476	3
29240510	-3
29240843	3
29240860	-3
29241027	3
29241044	-3
29241142	3
29241160	-3
29241460	3
29241477	-3
29241493	3
29241511	-3
29243260	3
29243559	-3
29243726	3
29243892	-3
29244077	3
29244393	-3
29244543	3
29244561	-3
29244577	3
29244878	-3
29247394	3
29247811	-3
29386991	3
29387011	-3
29391994	3
29392010	-3
29393224	3
29393240	-3
29394408	3
29394458	-3
29400190	1
29400207	-1
29400792	1
29401023	-1
29401828	3
29402240	-3
29402840	1
29402858	-1
29403990	3
29404040	-3
29404057	3
29404208	-3
29404540	3
29404557	-3
29404594	1
29404710	-1
29405708	1
29405724	-1
29406357	3
29406374	-3
29407141	1
29407174	-1
29412275	3
29412492	-3
29412624	3
29412642	-3
29412658	3
29412708	-3
29412974	3
29413008	-3
29413058	3
29413192	-3
29413208	3
29413225	-3
29413891	3
29413909	-3
29414061	3
29414075	-3
29414892	3
29414909	-3
29415711	3
29415726	-3
29416975	3
29416992	-3
29417092	3
29417109	-3
29417159	3
29417193	-3
29417593	3
29417608	-3
29417709	3
29417726	-3
29417743	3
29417759	-3
29418626	3
29418642	-3
29418659	3
29418676	-3
29418742	3
29418759	-3
29418793	3
29418826	-3
29418875	3
29418909	-3
29418960	3
29418993	-3
29419043	3
29419076	-3
29419109	3
29419159	-3
29419193	3
29419209	-3
29419226	3
29419243	-3
29419842	3
29419859	-3
29419876	3
29419892	-3
29419926	3
29420059	-3
29420076	3
29420126	-3
29420158	3
29420210	-3
29420240	3
29420276	-3
29420292	3
29420309	-3
29420326	3
29420359	-3
29420410	3
29420425	-3
29420443	3
29420459	-3
29421392	3
29421407	-3
29421859	3
29421876	-3
29422943	3
29422959	-3
29423908	3
29424058	-3
29424074	3
29424207	-3
29424224	3
29424390	-3
29424559	3
29424574	-3
29424590	3
29424725	-3
29425377	3
29425392	-3
29425543	3
29425559	-3
29425575	3
29425709	-3
29425824	3
29425841	-3
29426626	3
29426642	-3
29432859	2
29432993	-2
