%%%DateTime	ms since program start
2016-10-09T21:11:16.959-07:00	472
1501	-1
1573	-3
1673	-5
6375	2
7005	-2
9207	2
9522	-2
9672	2
9872	-2
10008	2
10288	-2
10391	2
10473	-2
10574	2
11075	-2
12922	2
40739	2
41123	-2
45643	2
45710	-2
48007	2
48041	-2
48943	2
48976	-2
49760	2
49793	-2
50710	2
50758	-2
53376	2
53409	-2
54290	2
54327	-2
56177	2
56210	-2
56307	-2
57376	2
57427	-2
57543	2
57608	-2
58841	2
58927	-2
59223	2
59291	-2
59726	2
59790	-2
59877	2
59960	-2
61444	2
61694	-2
61776	2
61857	-2
62426	2
62528	-2
64944	2
64978	-2
65061	2
65076	-2
66009	2
66078	-2
66194	2
66278	-2
66661	2
66727	-2
67042	2
67093	-2
67273	2
67311	-2
67427	2
78691	2
79094	-2
