%%%DateTime	ms since program start
2016-10-09T18:09:57.033-07:00	467
5181	6
5569	-6
7403	5
7803	-5
12103	1
12238	-1
12336	1
13537	-1
15620	2
16084	-2
17636	1
18670	-1
26705	1
29107	-1
32590	2
35056	2
36123	-2
41041	1
42223	-1
43656	1
44257	-1
48358	3
48774	-3
50608	4
50974	-4
52604	5
52871	-5
59421	6
59822	-6
1986270	3
1986370	-3
1987006	3
1987122	-3
1987170	3
1987737	-3
1988120	3
1988470	-3
1989104	3
1991556	-3
1998322	4
1998638	-4
2498246	4
2498531	-4
2568495	1
2569729	1
2570146	-1
2620678	2
2620794	-2
2620929	2
2621111	-2
2678070	4
2678487	-4
2713621	3
2713903	-3
2715140	3
2715557	-3
2715955	3
2718419	-3
2724971	3
2725988	-3
2731986	3
2732222	-3
2733403	3
2734003	-3
2735821	3
2736239	-3
2804003	5
2804054	-5
2807571	3
2807671	-3
2808738	3
2809153	-3
2809969	3
2810719	-3
2811269	3
2812836	-3
2813653	3
2815287	-3
2845604	2
2845719	-2
2845785	2
2845852	-2
2845919	2
2845951	-2
2846021	2
2846171	-2
3216631	5
3217114	-5
3217197	5
3217396	-5
3218147	5
3218565	-5
3218963	5
3219579	-5
3221631	5
3222649	5
3227564	-5
3228598	-5
3709992	3
3710075	-3
3710226	3
3710876	-3
3711592	3
3711793	-3
4269176	2
4269278	-2
4290308	2
4290725	-2
