%%%DateTime	ms since program start
2016-10-10T20:28:04.647-07:00	734
1966	-1
1967	-2
1968	-3
1968	-4
1971	-5
1971	-6
6644	1
6660	-1
9092	2
9308	-2
10744	3
10759	-3
13010	4
13209	-4
14827	6
14857	-6
16475	5
16493	-5
18310	3
18727	-3
21793	2
22211	-2
24741	2
24811	-2
26060	2
26211	-2
27695	2
27708	-2
29044	2
29093	-2
30443	2
30495	-2
31795	2
31825	-2
34628	2
34676	-2
37977	1
38012	-1
39411	1
39829	-1
42696	1
43097	-1
44529	1
44745	-1
46260	1
46329	-1
47677	1
47762	-1
49045	1
49063	-1
49860	1
49876	-1
50594	1
50646	-1
51493	1
51513	-1
52576	1
52646	-1
53343	1
53394	-1
54561	1
54627	-1
55246	1
55260	-1
55276	1
55313	-1
56193	1
56210	-1
56227	1
56262	-1
57030	1
57043	-1
60297	6
60311	-6
61727	6
62144	-6
63529	6
63594	-6
65312	6
65344	-6
65364	6
65394	-6
67464	6
67477	-6
67495	6
67645	-6
68911	6
69044	-6
71311	6
71379	-6
72594	6
72645	-6
72794	6
72863	-6
76080	6
77496	-6
79762	6
80161	-6
81211	6
81429	-6
82279	6
82529	-6
86314	4
86730	-4
91846	5
92463	-5
93680	5
94097	-5
