%%%DateTime	ms since program start
2016-10-13T21:45:29.218-07:00	15309
24298	4
24354	-4
24384	4
24505	-4
24517	4
24601	-4
32668	6
32685	-6
32736	6
32751	-6
32771	6
32788	-6
37786	4
37902	-4
45154	6
45185	-6
47806	4
47852	-4
80797	6
80812	-6
80848	6
81215	-6
81231	6
81265	-6
83865	5
84048	-5
93699	6
93716	-6
96167	5
96182	-5
96199	5
96283	-5
96299	5
96316	-5
104765	5
104781	-5
110282	5
110298	-5
110382	5
110400	-5
118067	5
118082	-5
120733	5
120781	-5
120831	5
120884	-5
120900	5
120948	-5
123601	6
123682	-6
123717	6
123816	-6
123833	6
123849	-6
124833	4
125168	-4
132615	4
132733	-4
132749	4
132998	-4
135884	5
135900	-5
135918	5
135935	-5
135948	5
135965	-5
141433	5
141484	-5
145984	4
146100	-4
146198	4
146302	-4
146384	4
146518	-4
146535	4
146549	-4
146599	4
146732	-4
146751	4
146767	-4
149618	5
149683	-5
149715	5
149850	-5
149901	5
149982	-5
181168	3
181284	-3
181317	3
181336	-3
181369	3
181503	-3
181568	3
181702	-3
181719	3
181735	-3
181817	3
181951	-3
181968	3
181986	-3
205087	4
205104	-4
205121	4
205204	-4
205221	4
205454	-4
212903	4
212938	-4
212954	4
213089	-4
213105	4
213221	-4
213235	4
213286	-4
213306	4
213321	-4
213337	4
213355	-4
223356	4
223756	-4
234822	4
234838	-4
234857	4
234954	-4
234989	4
235121	-4
235140	4
235221	-4
246698	4
246746	-4
246762	4
246780	-4
246796	4
246879	-4
246912	4
247012	-4
247030	4
247047	-4
255498	4
255546	-4
255580	4
255678	-4
255712	4
255812	-4
257647	4
257798	-4
257814	4
257829	-4
257848	4
257862	-4
257880	4
258012	-4
258064	4
258197	-4
258213	4
258230	-4
258246	4
258396	-4
264096	4
264199	-4
264212	4
264350	-4
264362	4
264496	-4
264512	4
264647	-4
273115	4
273130	-4
273163	4
273266	-4
273381	4
273483	-4
273497	4
273514	-4
273563	4
273696	-4
286666	5
286682	-5
286732	5
286782	-5
286883	5
286915	-5
286966	5
287000	-5
287016	5
287033	-5
287100	5
287115	-5
287216	5
287266	-5
287349	5
287365	-5
290100	4
290350	-4
290366	4
290432	-4
290449	4
290464	-4
290483	4
290500	-4
298518	4
298548	-4
298564	4
298701	-4
298715	4
298831	-4
298851	4
299000	-4
299017	4
299133	-4
299150	4
299167	-4
301984	2
302000	-2
302017	2
302031	-2
302050	2
302200	-2
302233	2
302383	-2
302400	2
302414	-2
302435	2
302585	-2
307518	4
307634	-4
307650	4
307934	-4
316183	4
316285	-4
316315	4
316415	-4
316449	4
316551	-4
316582	4
316652	-4
316669	4
316682	-4
319317	5
319418	-5
319468	5
319533	-5
319549	5
319566	-5
331066	4
331203	-4
338854	5
339001	-5
352801	3
352920	-3
352935	3
352951	-3
353002	3
353118	-3
353253	3
353356	-3
353369	3
353385	-3
353636	4
353751	-4
353768	4
353884	-4
353903	4
354019	-4
354035	4
354135	-4
354818	3
354836	-3
354851	3
354885	-3
355004	3
355052	-3
355103	3
355168	-3
355185	3
355203	-3
362204	4
362305	-4
362336	4
362401	-4
362422	4
362436	-4
363021	4
363037	-4
366086	4
366302	-4
366318	4
366439	-4
366453	4
366585	-4
366638	4
366755	-4
373052	5
373672	-5
376136	3
376205	-3
376221	3
376303	-3
376321	3
376338	-3
380436	4
380552	-4
385203	4
385306	-4
385319	4
385455	-4
385486	4
385569	-4
385586	4
385602	-4
387320	3
387407	-3
387487	3
387639	-3
387703	3
387889	-3
387954	3
388036	-3
391505	5
391522	-5
391553	5
391569	-5
391588	5
391604	-5
393740	4
393990	-4
394019	4
394103	-4
394120	4
394139	-4
395187	4
395203	-4
395238	4
395303	-4
395389	4
395454	-4
395505	4
395565	-4
395570	4
395589	-4
399272	5
399289	-5
399673	5
400089	-5
400906	5
401340	-5
401940	5
402556	-5
402954	4
403057	-4
403089	4
403190	-4
403221	4
403323	-4
403337	4
403353	-4
406854	4
406937	3
406953	-4
406970	4
406987	-4
407021	4
407040	-3
407071	3
407157	-4
407203	4
407220	-3
407237	3
407354	-4
407370	-3
407389	3
407424	4
407506	-3
407540	3
407556	-4
407573	4
407590	-4
407656	-3
409107	3
409274	-3
409722	5
409738	-5
410539	5
410557	-5
410591	5
410656	-5
410720	5
410755	-5
411557	4
411573	-4
411603	4
411673	-4
411689	4
411707	-4
411722	4
411840	-4
411854	4
411921	-4
411940	4
411956	-4
413821	3
413840	-3
413855	3
413872	-3
413988	3
414041	-3
416890	5
416955	-5
416971	5
416990	-5
420157	5
420222	-5
422857	5
422874	-5
422904	5
422922	-5
424592	4
424606	-4
424641	4
424657	-4
426504	4
426521	-4
426607	4
426624	-4
426772	4
426789	-4
426854	4
426874	-4
426991	4
427042	-4
427107	4
427125	-4
427158	4
427172	-4
431223	4
431242	-4
431258	3
431340	4
431358	-4
431374	-3
431391	3
431542	-3
431557	3
431641	-3
432041	5
432058	-5
432091	5
432208	-5
432256	5
432292	-5
432307	5
432341	-5
435524	3
435942	-3
437959	5
437992	-5
438008	5
438055	-5
438089	5
438108	-5
438124	5
438191	-5
438224	5
438321	-5
438342	5
438356	-5
441058	3
441073	-3
441108	3
441175	-3
441241	3
441308	-3
441324	3
441342	-3
443308	5
443325	-5
444742	4
445009	-4
446172	5
446191	-5
446209	5
446224	-5
446258	5
446291	-5
446409	5
446425	-5
447192	4
447292	-4
447308	4
447375	-4
449460	5
449625	-5
449658	5
449775	-5
449822	5
449892	-5
449908	5
449925	-5
450008	5
450055	-5
450125	5
450142	-5
450155	5
450175	-5
451491	5
451506	-5
451526	5
451541	-5
451557	5
451576	-5
452056	3
452091	-3
452174	3
452242	-3
452308	3
452358	-3
452509	3
452525	-3
452539	3
452560	-3
453759	5
453957	-5
458640	5
458723	-5
458789	5
458874	-5
458908	5
458924	-5
458975	5
458990	-5
459006	5
459023	-5
459273	3
459290	-3
459342	3
459440	-3
459459	3
459540	-3
459556	3
459641	-3
459656	3
459674	-3
459691	3
459742	-3
464191	3
464258	-3
464292	3
464392	-3
464444	3
464574	-3
472791	5
472809	-5
472825	5
472858	-5
472875	5
472909	-5
475658	5
475793	-5
475809	5
475909	-5
476892	5
476975	-5
477026	5
477126	-5
477192	5
477309	-5
477376	5
477493	-5
477559	5
477609	-5
477627	5
477644	-5
477676	5
477692	-5
477709	5
477725	-5
477742	5
477760	-5
478742	3
478826	-3
478843	3
478944	-3
478976	3
478992	-3
479009	3
479044	-3
482209	5
482227	-5
482260	5
482293	-5
482327	5
482343	-5
482393	5
482460	-5
482494	5
482577	-5
482593	5
482609	-5
482694	5
482727	-5
484477	5
484644	-5
488577	5
488591	-5
488610	3
488627	-3
488627	5
488644	3
488661	-5
488677	5
488711	-5
488727	-3
488743	5
488758	-5
488778	3
488792	5
488825	-5
488842	5
488859	-5
488911	-3
488945	3
489078	-3
489091	3
489226	-3
489377	3
489393	-3
490410	3
490426	-3
490478	3
490528	-3
490577	3
490592	-3
491645	5
491660	-5
493242	5
493259	-5
493277	5
493344	-5
493377	5
493475	-5
493526	5
493626	-5
493677	5
493742	-5
495128	3
495144	-3
498395	3
498492	-3
498511	3
498525	-3
498542	3
498611	-3
498628	3
498645	-3
498661	3
498727	-3
499011	5
499045	-5
499076	5
499094	-5
499110	5
499162	-5
503111	5
503127	-5
505159	5
505275	-5
509860	5
509942	-5
512526	4
512663	-4
512677	4
512810	-4
512845	4
512976	-4
512995	4
513095	-4
514992	5
515011	-5
515879	3
515944	-3
516010	3
516060	-3
516160	3
516226	-3
516311	3
516345	-3
516377	3
516396	-3
517244	5
517262	-5
517310	5
517395	-5
517412	5
517426	-5
520929	5
520994	-5
521010	5
521029	-5
521044	5
521059	-5
521744	4
521877	-4
522162	5
522210	-5
522244	5
522260	-5
522278	5
522394	-5
522429	5
522562	-5
522612	5
522695	-5
526660	3
526811	-3
526830	3
526980	-3
527013	3
527194	-3
527213	3
527329	-3
530479	5
530531	-5
530561	5
530611	-5
530646	5
530660	-5
530679	5
530695	-5
530712	5
530730	-5
530746	5
530763	-5
537513	2
537661	-2
544481	5
544511	-5
545097	3
545162	-3
545196	3
545295	-3
545312	3
545382	-3
545413	3
545496	-3
546113	5
546129	-5
546147	5
546194	-5
546229	5
546246	-5
546264	5
546280	-5
546295	5
546345	-5
546380	5
546447	-5
547762	4
547913	-4
547964	5
548080	-5
548131	5
548196	-5
548261	5
548296	-5
548364	5
548381	-5
548428	5
548447	-5
548513	5
548528	-5
552464	3
552548	-3
552563	3
552665	-3
552680	3
552797	-3
552812	3
552863	-3
553497	5
553578	-5
553613	4
553716	-4
553764	4
553845	-4
553896	4
553948	-4
553962	4
553978	-4
554031	4
554063	-4
554095	4
554112	-4
554164	4
554182	-4
554198	4
554214	-4
554228	4
554245	-4
555131	5
555146	2
555181	-2
555197	2
555212	-5
555248	5
555261	-5
555278	-2
555278	5
555296	2
555313	-5
555331	5
555365	-5
555378	-2
555399	2
555498	-2
555515	2
555629	-2
555649	2
555715	-2
555731	2
555749	-2
558198	5
558214	-5
564136	5
564333	-5
565379	4
565402	-4
565502	4
565530	-4
565583	4
565618	-4
565629	4
565652	-4
565715	4
565785	-4
565982	4
565999	-4
566017	4
566029	-4
566087	4
566187	-4
566535	5
566651	-5
566682	5
566783	-5
566801	5
566816	-5
569848	3
569867	-3
569953	3
569983	-3
569999	3
570014	-3
570034	3
570134	-3
570150	3
570266	-3
570285	3
570296	-3
570313	3
570384	-3
570401	3
570417	-3
574782	4
574917	-4
574918	5
574933	4
574946	-4
574968	-5
574980	5
574998	-5
577870	5
577882	-5
577901	5
577917	-5
577934	5
577952	-5
577963	5
577998	-5
578017	2
578087	-2
578098	2
578114	-2
578115	5
578133	2
578149	-5
578214	-2
578231	2
578319	-2
584221	5
584233	-5
584267	5
584337	-5
586051	3
586148	-3
586167	3
586283	-3
586299	3
586334	5
586351	-5
586364	5
586380	-5
586399	-3
586415	5
586434	3
586469	-5
586503	5
586531	-3
586631	-5
586666	5
586798	-5
589952	3
590764	-3
590869	4
590903	-4
590915	4
590931	-4
590950	4
590985	-4
593435	3
593602	-3
593637	3
593736	-3
593748	3
593768	-3
593783	3
593799	-3
595269	5
595320	-5
595331	5
595350	-5
595366	5
595420	-5
595432	5
595451	-5
598136	3
598269	-3
605787	3
605838	-3
605850	3
605938	-3
605966	3
606067	-3
607765	4
607784	-4
607900	4
607917	-4
608381	4
608404	-4
608984	5
609054	-5
609084	5
609205	-5
609236	5
609270	-5
609286	5
609302	-5
609320	5
609333	-5
609351	5
609368	-5
613287	5
613322	-5
613333	5
613403	-5
613454	5
613466	-5
613501	5
613554	-5
613617	5
613686	-5
614116	3
614232	-3
614255	3
614355	-3
614367	3
614402	-3
617803	5
617819	-5
622517	3
622615	-3
622638	3
622753	-3
622765	3
622870	-3
622905	3
622986	-3
623956	5
624084	-5
626406	5
626638	-5
626666	5
626784	-5
626818	5
626922	-5
626933	5
626951	-5
630307	3
630405	-3
630416	3
630486	-3
634607	5
634672	-5
634755	5
634788	-5
635622	5
635636	-5
635671	5
635788	-5
635803	5
635821	-5
635833	5
635954	-5
635989	5
636035	-5
636055	5
636070	-5
636083	5
636105	-5
640523	3
640587	-3
640621	3
640633	-3
651174	5
651322	-5
652205	4
652219	-4
653438	3
653856	-3
655372	5
655407	-5
655435	5
655489	-5
655551	5
655651	-5
655738	5
655806	-5
655818	5
655837	-5
658558	3
658670	-3
658704	3
658821	-3
666337	5
666371	-5
666406	3
666421	5
666488	-3
666506	3
666522	-3
666538	3
666557	-5
666604	-3
666622	3
666623	5
666638	-3
666654	3
666686	-5
666705	-3
666720	3
666738	-3
666773	5
666789	3
666820	-3
666838	-5
666854	3
666871	-3
666905	3
666971	-3
668589	3
669003	-3
669820	5
670221	-5
672270	5
672290	-5
672357	5
672404	-5
672555	5
672571	-5
674939	5
674955	-5
674988	5
675005	-5
675021	5
675039	3
675055	-5
675121	-3
675140	3
675155	5
675206	-5
675271	-3
675288	3
675388	-3
675404	3
675520	-3
675555	3
675671	-3
675689	3
675739	-3
675754	3
675775	-3
682105	5
682172	-5
682238	5
682339	-5
682388	5
682405	-5
682423	5
682505	-5
683739	5
683821	-5
683856	5
683956	-5
687222	5
687276	-5
687357	5
687473	-5
687523	5
687624	-5
688457	5
688472	-5
688872	2
688957	-2
688971	2
689092	-2
689103	2
689203	-2
689224	2
689241	-2
689257	2
689357	-2
689374	2
689424	-2
689440	2
689456	-2
691541	5
691641	-5
691657	5
691791	-5
692558	5
692570	-5
692624	5
692640	-5
692656	5
692674	-5
692691	5
692756	-5
692772	5
692790	-5
700341	5
700376	-5
700425	5
700542	-5
703611	5
703708	-5
703720	5
703754	-5
703859	5
703871	-5
707709	3
707790	-3
707825	3
707893	-3
707906	3
707923	-3
707958	3
708011	-3
708092	3
708174	-3
708190	3
708208	-3
708225	3
708271	-3
709137	5
709258	-5
714826	5
714893	-5
714907	5
714926	-5
714970	5
715039	-5
715144	5
715155	-5
715225	5
715260	-5
715376	5
715388	-5
716022	5
716172	-5
716224	5
716358	-5
716409	5
716491	-5
716525	5
716537	-5
717241	5
717257	-5
717292	5
717326	-5
717338	5
717357	-5
717461	5
717473	-5
717489	5
717508	-5
717658	5
717675	-5
720607	2
720693	-2
720705	2
720805	-2
721223	5
721239	-5
721292	5
721309	-5
721343	5
721358	-5
721374	5
721390	-5
722040	5
722156	-5
722209	5
722307	-5
722326	5
722342	-5
722372	5
722442	-5
723276	2
723393	-2
725941	5
725958	-5
725987	5
726122	-5
726173	5
726192	-5
726208	5
726261	-5
726273	5
726293	-5
726324	5
726424	-5
726440	5
726459	-5
727573	5
727775	-5
728390	5
728409	-5
728472	5
728495	-5
728525	5
728541	-5
728560	5
728576	-5
728588	5
728611	-5
728676	5
728727	-5
730840	5
730859	-5
730893	5
730945	-5
730975	5
730991	-5
731010	5
731026	-5
731061	5
731092	-5
731142	5
731258	-5
731293	5
731305	-5
731328	5
731358	-5
731374	5
731393	-5
734678	5
734725	-5
734776	5
734822	-5
734876	5
734910	-5
734957	5
734973	-5
734992	3
734993	5
735061	-5
735073	-3
735089	5
735108	-5
735124	3
735173	-3
735229	3
735322	-3
735357	3
735426	-3
735496	3
735589	-3
735624	3
735712	-3
739659	2
739705	-2
739722	5
739775	2
739791	-2
739810	2
739826	-5
739896	-2
739961	2
740042	-2
740058	2
740077	-2
740124	2
740193	-2
740209	2
740226	-2
740291	2
740309	-2
740325	2
740344	-2
741092	5
741173	-5
741226	5
741358	-5
745944	5
746107	-5
746126	5
746142	-5
746160	5
746244	-5
746258	5
746276	-5
746293	5
746306	-5
746327	5
746339	-5
746492	5
746509	-5
747442	5
747460	-5
747512	5
747593	2
747623	-5
747663	-2
747674	5
747693	2
747728	-5
747739	-2
747756	5
747790	-5
747840	2
747860	5
747877	-2
747890	2
747906	-5
747925	-2
747960	5
747976	2
747993	-2
748006	2
748023	-5
748076	5
748093	-2
748111	-5
748146	5
748174	2
748192	-2
748208	-5
748227	2
748258	-2
748273	2
748290	-2
748310	2
748343	-2
748406	2
748424	-2
750159	3
750224	-3
750243	3
750259	-3
750294	3
750340	-3
750356	3
750375	-3
755843	2
755959	-2
755994	5
756010	2
756028	-5
756040	5
756057	-2
756075	-5
756092	2
756156	5
756173	-5
756196	5
756226	-5
756243	-2
756243	5
756261	-5
756277	2
756294	5
756307	-5
756377	-2
756424	2
756528	-2
757275	5
757328	-5
757357	5
757508	-5
757526	5
757543	-5
757561	5
757677	-5
757694	5
757711	-5
757724	5
757742	-5
757758	5
757828	-5
764864	2
764892	-2
764910	2
765026	-2
765042	2
765159	-2
765177	2
765328	-2
765340	2
765414	-2
765444	2
765461	-2
765479	2
765491	-2
768347	5
768428	-5
768444	5
768479	-5
768544	5
768560	-5
768595	5
768676	-5
768745	5
768776	-5
772011	5
772043	-5
773664	5
773726	-5
776729	4
776861	-4
779062	5
779113	-5
779126	5
779178	-5
779229	5
779364	-5
779376	5
779392	-5
780409	3
780831	-3
781245	5
781644	-5
782661	5
782677	-5
782728	5
782829	-5
782875	5
782945	-5
784310	5
784414	-5
784442	5
784461	-5
784477	5
784542	-5
786144	4
786214	-4
786226	4
786242	-4
786312	4
786382	-4
786458	4
786528	-4
786625	4
786679	-4
786776	4
786876	-4
787781	5
787793	2
787828	-5
787863	5
787914	-5
787926	-2
787944	2
787960	-2
787979	2
787979	5
787995	-5
788025	5
788041	-5
788065	-2
788065	5
788076	2
788095	-2
788095	-5
788130	5
788141	2
788142	-5
788164	5
788176	-5
788193	-2
788211	5
788227	-5
788246	5
788262	2
788279	-5
788308	-2
788343	3
788378	2
788448	5
788459	-5
788478	-3
788494	-2
788509	3
788564	-3
788629	3
788710	-3
788761	3
788877	-3
788896	3
789012	-3
790944	5
791032	-5
791044	5
791060	-5
791095	5
791195	-5
791263	5
791311	-5
791327	5
791361	-5
791392	5
791408	-5
791443	5
791462	-5
791478	5
791513	-5
791524	5
791547	-5
793312	5
793347	-5
793382	5
793528	-5
793544	5
793644	-5
796396	5
796412	-5
796458	5
796581	-5
796644	5
796744	-5
796764	5
796779	-5
797208	3
797454	-3
799461	3
799489	-3
799512	3
799709	-3
799721	3
799890	-3
799907	3
800092	-3
800104	3
800127	-3
800139	3
800262	-3
800692	5
800708	-5
801922	5
802345	-5
802739	2
803146	-2
804179	5
804190	-5
804209	5
804225	-5
804279	5
804306	-5
808679	5
809090	4
809091	-5
809508	-4
809526	4
809543	-4
809578	4
809659	-4
809676	4
809694	-4
809708	4
809775	-4
809810	4
809824	-4
810727	5
810773	-5
810826	5
810959	-5
811093	5
811110	-5
811124	5
811145	-5
812359	4
812375	-4
812394	4
812410	-4
812425	4
812510	-4
812526	4
812541	-4
812557	4
812608	-4
814407	2
814492	-2
814507	2
814523	-2
814542	2
814642	-2
814659	2
814674	-2
814709	2
814725	-2
814744	2
814844	-2
815440	5
815459	-5
817275	3
817426	-3
817442	3
817542	-3
817560	3
817676	-3
817711	3
817809	-3
817844	3
817858	-3
821176	5
821194	-5
821210	5
821343	-5
823760	5
823776	-5
823793	5
823876	-5
823911	5
824027	-5
824060	5
824159	-5
824225	4
824245	-4
824341	4
824375	-4
824491	4
824526	-4
824543	4
824561	-4
824612	4
824624	-4
824642	4
824659	-4
824693	4
824710	-4
825227	6
825258	-6
826609	5
826744	-5
826794	5
826842	-5
826860	5
826911	-5
826941	5
826992	-5
827010	5
827062	-5
827108	5
827161	-5
827178	5
827208	-5
829360	5
829511	-5
829576	5
829627	-5
829644	5
829660	-5
830444	4
830528	-4
830576	4
830696	-4
830707	4
830777	-4
830795	4
830811	-4
831411	5
831444	-5
831511	5
831611	-5
831643	5
831659	-5
831678	5
831760	-5
832444	5
832544	-5
832576	5
832595	-5
832676	5
832711	-5
834493	4
834643	-4
834678	4
834778	-4
837564	5
837575	-5
837595	5
837661	-5
837696	5
837828	-5
837861	5
837993	-5
838010	2
838028	5
838110	-2
838126	2
838144	-5
838228	-2
838245	2
838345	-2
838362	2
838462	-2
838478	2
838562	-2
838597	2
838609	-2
840012	4
840195	-4
841174	5
841279	-5
841345	5
841446	-5
841511	5
841577	-5
841609	5
841627	-5
844112	2
844213	-2
844228	2
844379	-2
844395	2
844530	-2
844542	2
844681	-2
844745	5
844895	-5
844926	5
844994	-5
845011	5
845063	-5
845096	5
845145	-5
845161	5
845179	-5
845191	5
845246	-5
845277	5
845412	-5
845458	5
845598	-5
846163	3
846178	5
846264	-3
846294	3
846310	-5
846329	5
846380	-5
846411	-3
846427	3
846543	-3
846562	3
846659	-3
846678	3
846696	-3
846712	3
846794	-3
847396	5
847430	-5
847479	5
847495	-5
847513	5
847525	-5
847546	5
847595	-5
847629	5
847762	-5
847797	5
847878	-5
849225	4
849395	-4
850462	3
850479	-3
850513	3
850676	-3
850711	3
850845	-3
850862	3
850880	-3
850892	3
851008	-3
851029	3
851043	-3
851681	5
851779	-5
851814	5
851960	-5
852041	5
852076	-5
852095	5
852111	-5
854142	5
854164	-5
856232	5
856244	-5
856279	5
856330	-5
858448	2
858914	-2
859262	5
859314	-5
859349	5
859448	-5
860412	4
860430	-4
862215	5
862314	-5
862327	5
862342	-5
862363	5
862481	-5
864166	2
864282	-2
864318	2
864448	-2
864481	2
864597	-2
864611	2
864631	-2
864649	2
864767	5
864782	-2
864846	2
864898	-5
864933	5
864948	-2
864998	2
865050	-2
865065	2
865080	-5
865098	5
865114	-2
865114	-5
865130	5
865183	-5
865198	5
865213	-5
866849	4
866967	-4
866982	4
867099	-4
867115	4
867132	-4
867150	4
867265	-4
867865	5
867881	-5
868485	2
868497	-2
868516	2
868632	-2
868648	2
868718	-2
869716	5
869781	-5
869849	5
869901	4
869967	-5
870016	-4
870032	5
870083	4
870099	-5
870130	5
870149	-5
870180	5
870199	-4
870266	-5
870349	5
870431	-5
870512	5
870616	-5
870665	5
870679	-5
870698	5
870733	-5
870749	5
870761	-5
875033	3
875046	-3
875648	3
875679	-3
875748	5
875778	-5
875799	5
875812	-5
875834	5
875848	-5
875883	5
875996	-5
876050	5
876150	-5
877896	5
878067	-5
879335	4
879499	-4
879549	4
879579	5
879614	-4
879665	4
879700	-5
879735	-4
879765	5
879862	-5
879916	5
879984	-5
879999	5
880032	-5
880095	5
880149	-5
880215	5
880246	-5
880315	5
880350	-5
880396	5
880415	-5
880450	5
880485	-5
881383	5
881418	-5
881430	5
881451	-5
881465	5
881534	-5
881546	5
881567	-5
882412	6
882563	-6
882599	6
882664	-6
883235	4
883334	-4
883845	5
883979	-5
884000	5
884014	-5
884049	5
884065	-5
884084	5
884119	-5
884130	5
884149	-5
886100	5
886115	-5
886132	5
886150	-5
886185	5
886283	-5
886330	5
886445	-5
886480	5
886617	-5
887532	5
887567	-5
887602	5
887613	-5
887635	5
887664	-5
887683	5
887718	-5
887769	5
887850	-5
887885	5
887896	-5
893666	5
893736	-5
893748	5
893766	-5
893801	5
893817	-5
893829	5
893864	2
893917	-5
893948	-2
893980	2
894096	-2
894119	2
894220	-2
894231	2
894347	-2
894363	2
894479	-2
894498	2
894584	-2
894595	2
894618	-2
896335	5
896348	-5
896383	5
896396	-5
896434	5
896478	-5
896503	5
896512	-5
896529	5
896634	-5
896669	5
896766	-5
897365	5
897382	-5
897451	5
897463	-5
897486	5
897498	-5
897579	5
897602	-5
897614	5
897632	-5
899583	4
899715	-4
899734	4
899750	-4
899763	4
899866	-4
899884	4
899896	-4
899920	4
900052	-4
900082	4
900168	-4
900180	4
900203	-4
900865	3
900883	5
900981	-3
900999	3
901015	-5
901050	5
901150	-3
901166	3
901181	-5
901201	5
901213	-5
901231	5
901301	-3
901317	3
901329	-5
901433	-3
901447	3
901463	-3
904935	3
904970	-3
904998	3
905103	-3
905132	3
905218	-3
905253	3
905364	-3
905381	3
905399	-3
906983	5
907052	-5
907099	5
907199	-5
907250	5
907331	-5
907350	5
907366	-5
907397	5
907499	-5
907517	5
907533	-5
914564	5
914734	-5
915182	5
915267	-5
915299	5
915446	-5
915500	5
915516	-5
915563	5
915616	-5
915632	5
915651	-5
915667	5
915702	-5
915750	5
915813	-5
915883	5
915964	-5
915982	5
915999	-5
918664	4
918686	2
918732	-2
918767	-4
918785	2
918797	4
918867	-2
918883	2
918918	-4
918930	4
918983	-2
919018	2
919034	-4
919048	4
919069	-4
919099	4
919134	-2
919150	2
919180	-4
919203	4
919216	-4
919250	4
919284	-2
919301	2
919347	-4
919366	4
919382	-4
919417	4
919463	-2
919498	-4
919517	2
919533	-2
925001	5
925031	-5
925082	5
925233	-5
925287	5
925333	-5
925349	5
925397	-5
925419	5
925431	-5
925454	5
925519	-5
925554	5
925600	-5
925616	5
925635	-5
925647	5
925751	-5
925767	5
925780	-5
927667	3
927869	-3
927869	5
927880	-5
927904	5
927915	-5
927934	5
927950	-5
927982	5
928020	-5
928031	5
928050	-5
928066	5
928085	-5
928101	5
928166	-5
928217	5
928235	-5
928247	5
928317	-5
928333	5
928352	-5
937268	5
937384	-5
937400	5
937419	-5
937431	5
937535	-5
937570	5
937651	-5
942219	3
942451	-3
946719	3
946735	-3
946753	3
946788	5
946834	-5
946869	-3
946883	5
946920	3
946985	-3
947001	-5
947037	3
947037	5
947049	-5
947102	5
947136	-3
947148	-5
947183	5
947200	3
947219	-5
947234	5
947252	-5
947265	5
947287	-3
947299	-5
947368	3
947453	-3
947501	3
947571	-3
947582	3
947603	-3
955732	4
955902	-4
956552	5
956586	-5
956668	5
956732	-5
962902	4
962988	-4
963000	4
963116	-4
963152	4
963285	-4
963320	4
963436	-4
963469	4
963569	-4
963584	4
963603	-4
964533	5
964637	-5
969652	4
970070	-4
970082	4
970117	-4
970135	4
970233	-4
970256	4
970268	-4
974721	5
974785	-5
974802	5
974818	-5
974883	5
974923	-5
978255	4
978320	-4
978366	4
978487	-4
978534	4
978652	-4
978685	4
978801	-4
978836	4
978935	-4
978952	4
978970	-4
982987	5
983003	-5
983019	5
983057	-5
983068	5
983103	-5
983119	5
983132	-5
983220	5
983235	-5
986052	4
986103	-4
986118	4
986289	-4
986301	4
986435	-4
986470	4
986602	-4
986621	4
986737	-4
999355	4
999489	-4
999501	4
999520	-4
999536	4
999589	-4
999618	4
999640	-4
1002422	5
1002473	-5
1002484	5
1002503	-5
1002538	5
1002568	-5
1002589	5
1002624	-5
1002654	5
1002670	-5
1002684	5
1002751	-5
1007135	3
1007152	-3
1007186	3
1007286	-3
1007303	3
1007321	-3
1007337	3
1007466	-3
1007488	3
1007500	-3
1007523	3
1007604	-3
1008568	4
1008636	-4
1008651	4
1008673	-4
1008684	4
1008819	-4
1008835	4
1008970	-4
1009004	4
1009151	-4
1009174	4
1009184	-4
1009202	4
1009334	-4
1011807	5
1011854	-5
1011872	5
1011918	-5
1011953	5
1012051	-5
1012069	5
1012086	-5
1012105	5
1012202	-5
1015738	4
1015754	-4
1015789	4
1015952	-4
1015970	4
1016105	-4
1016121	4
1016270	-4
1016289	4
1016304	-4
1016319	4
1016440	-4
1024753	4
1024836	-4
1024856	4
1024868	-4
1024887	4
1025019	-4
1025054	4
1025205	-4
1025222	4
1025356	-4
1025371	4
1025386	-4
1030273	5
1030308	-5
1030320	5
1030420	-5
1030437	5
1030456	-5
1030487	5
1030522	-5
1033554	4
1033572	-4
1033606	4
1033740	-4
1033773	4
1033924	-4
1033935	4
1034073	-4
1034121	4
1034140	-4
1042155	4
1042268	-4
1042290	4
1042301	-4
1042324	4
1042468	-4
1042503	4
1042638	-4
1042654	4
1042673	-4
1042689	4
1042835	-4
1047305	5
1047340	-5
1047386	5
1047406	-5
1047421	5
1047437	-5
1047456	5
1047467	-5
1047540	5
1047572	-5
1050142	4
1050240	-4
1050254	4
1050273	-4
1050308	4
1050405	-4
1050421	4
1050440	-4
1050454	4
1050591	-4
1050618	4
1050806	-4
1050820	4
1051006	-4
1058339	4
1058506	-4
1058520	4
1058687	-4
1058706	4
1058857	-4
1058868	4
1058973	-4
1058989	4
1059001	-4
1059024	4
1059036	-4
1075138	4
1075205	-4
1075220	4
1075389	-4
1075405	4
1075972	-4
1080985	5
1081019	-5
1081089	5
1081124	-5
1081138	5
1081205	-5
1081222	5
1081338	-5
1093367	5
1093389	-5
1093471	5
1093488	-5
1093553	5
1093587	-5
1100738	5
1100923	-5
1103188	5
1103222	-5
1103304	5
1103322	-5
1105056	5
1105071	-5
1105086	5
1105104	-5
1105240	5
1105272	-5
1116922	3
1117154	-3
1117172	3
1117184	-3
1117207	3
1117404	-3
1117421	3
1117933	-3
1125919	4
1126337	-4
1126553	4
1126755	-4
1128387	2
1128436	-2
1128470	2
1128603	-2
1128620	2
1128637	-2
1128654	2
1129205	-2
1129220	2
1129421	-2
1130637	5
1130888	-5
1133918	3
1133972	-3
1134536	3
1134552	-3
1140271	5
1140287	-5
1140304	5
1140355	-5
1140371	5
1140388	-5
1140420	5
1140438	-5
1140450	5
1140485	-5
1148252	4
1148271	-4
1148454	4
1148484	-4
1150706	4
1150755	-4
1150771	4
1150787	-4
1150817	4
1150903	-4
1150921	4
1150937	-4
1150973	4
1151054	-4
1151119	4
1151204	-4
1151217	4
1151240	-4
1158155	5
1158168	-5
1158183	5
1158206	-5
1158217	5
1158271	-5
1158322	5
1158337	-5
1158352	5
1158403	-5
1158484	5
1158503	-5
1158519	5
1158538	-5
1161971	4
1161986	-4
1162055	4
1162137	-4
1162172	4
1162183	-4
1162218	4
1162269	-4
1162288	4
1162304	-4
1162369	4
1162437	-4
1162450	4
1162470	-4
1167303	5
1167319	-5
1167354	5
1167403	-5
1167536	5
1167552	-5
1167637	5
1167670	-5
1167686	5
1167703	-5
1167721	5
1167736	-5
1167751	5
1167802	-5
1167818	5
1167837	-5
1176719	5
1176754	-5
1176770	5
1176783	-5
1176839	5
1176873	-5
1177740	6
1177938	-6
1177972	6
1178070	-6
1178105	6
1178117	-6
1178151	6
1178286	-6
1178349	6
1178539	-6
1178553	6
1178569	-6
1178588	6
1178674	-6
1178686	6
1178704	-6
1181634	5
1181774	-5
1181785	5
1181854	-5
1181890	5
1181901	-5
1187985	3
1188073	-3
1188101	3
1188188	-3
1189269	3
1189819	-3
1189838	3
1190024	-3
1190035	3
1190221	-3
1190237	3
1190272	-3
1190286	3
1190384	-3
1190403	3
1190569	-3
1190586	3
1190686	-3
1190702	3
1190736	-3
1194069	4
1194087	-4
1194103	4
1194168	-4
1194403	4
1194452	-4
1194540	4
1194586	-4
1194603	4
1194621	-4
1206619	2
1206770	-2
1206855	2
1206869	-2
1210921	4
1210938	-4
1210949	4
1211054	-4
1211066	4
1211089	-4
1211123	4
1211205	-4
1213387	5
1213404	-5
1213417	5
1213452	-5
1213489	5
1213499	-5
1214606	5
1214671	-5
1214699	5
1214722	-5
1214734	5
1214769	-5
1214787	5
1214803	-5
1216354	5
1216368	-5
1216385	5
1216405	-5
1223204	5
1223220	-5
1223255	5
1223267	-5
1223285	5
1223302	-5
1223436	5
1223453	-5
1223621	5
1223650	-5
1223738	5
1223750	-5
1223836	5
1223854	-5
1223871	5
1223882	-5
1225457	2
1225538	-2
1225552	2
1225654	5
1225701	-2
1225717	2
1225821	-5
1225833	-2
1225851	2
1225851	5
1225868	-2
1225886	2
1225949	-2
1225972	2
1225984	-2
1226002	-5
1226053	5
1226071	-5
1226104	5
1226134	-5
1226153	5
1226169	-5
1231656	4
1231754	-4
1231823	4
1231916	-4
1231986	4
1232055	-4
1236734	5
1236787	-5
1236804	5
1236834	-5
1237136	5
1237152	-5
1238171	4
1238304	-4
1238319	4
1238336	-4
1241103	5
1241118	-5
1241169	5
1241304	-5
1241355	5
1241484	-5
1241517	5
1241536	-5
1241571	5
1241603	-5
1241618	5
1241636	-5
1246552	5
1246602	-5
1246656	5
1246753	-5
1248402	4
1248502	-4
1248521	4
1248537	-4
1248553	4
1248637	-4
1256187	5
1256288	-5
1256337	5
1256405	-5
1256454	5
1256521	-5
1256605	5
1256703	-5
1256803	5
1256849	-5
1256884	5
1256905	-5
1256919	5
1256935	-5
1259473	4
1259670	-4
1259687	4
1259699	-4
1259733	4
1259803	-4
1260286	5
1260302	-5
1260320	5
1260337	-5
1260348	5
1260436	-5
1260488	5
1260587	-5
1267453	5
1267465	-5
1267500	5
1267518	-5
1267535	5
1267553	-5
1267570	5
1267588	-5
1267639	5
1267739	-5
1267785	5
1267906	-5
1267953	5
1268018	-5
1268034	5
1268052	-5
1270468	4
1270584	-4
1270618	4
1270735	-4
1270751	4
1270769	-4
1270786	4
1270885	-4
1270920	4
1271018	-4
1271036	4
1271053	-4
1272306	5
1272487	-5
1272534	5
1272650	-5
1272806	4
1272903	-4
1272968	4
1273068	-4
1273084	4
1273103	-4
1273137	4
1273219	-4
1273235	4
1273254	-4
1273288	4
1273340	-4
1273351	4
1273386	-4
1277066	5
1277085	-5
1277101	5
1277154	-5
1277182	5
1277201	-5
1277236	5
1277306	-5
1277317	5
1277333	-5
1277368	5
1277473	-5
1277519	5
1277600	-5
1277684	5
1277735	-5
1278304	2
1278316	-2
1278355	2
1278367	5
1278490	-5
1278501	5
1278518	-2
1278518	-5
1279337	4
1279453	-4
1284655	4
1284706	-4
1285467	4
1285885	-4
1287318	5
1287719	-5
1293873	4
1293884	-4
1293935	4
1294051	-4
1294901	5
1294918	-5
1294968	5
1295068	-5
1295119	5
1295184	-5
1295201	5
1295219	-5
1297355	5
1297971	-5
1298367	5
1298800	-5
1299802	4
1300219	-4
1304319	4
1304368	-4
1304403	4
1304519	-4
1308036	5
1308118	-5
1308152	5
1308269	-5
1308320	5
1308354	-5
1308370	5
1308436	-5
1308469	5
1308520	-5
1308536	5
1308570	-5
1308582	5
1308603	-5
1309221	4
1309337	-4
1309353	4
1309402	-4
1309453	4
1309553	-4
1309569	4
1309585	-4
1309637	4
1309736	-4
1311884	5
1312003	-5
1312053	5
1312070	-5
1312151	5
1312169	-5
1312186	5
1312203	-5
1312237	5
1312251	-5
1312332	5
1312355	-5
1312367	5
1312387	-5
1313119	3
1313168	-3
1313187	3
1313287	-3
1313300	3
1313320	-3
1313335	3
1313420	-3
1313435	3
1313451	-3
1313505	3
1313537	-3
1313632	3
1313702	-3
1313718	3
1313737	-3
1315785	4
1315970	-4
1316005	4
1316017	-4
1316071	4
1316187	-4
1317838	5
1317916	-5
1320900	2
1321002	-2
1321016	2
1321032	-2
1321054	2
1321218	-2
1322537	4
1322653	-4
1322669	4
1322804	-4
1322816	4
1322902	-4
1322920	4
1322937	-4
1327053	5
1327169	-5
1327185	5
1327200	-5
1327220	5
1327232	-5
1327250	5
1327267	-5
1327285	5
1327355	-5
1327383	5
1327405	-5
1327453	5
1327552	-5
1327569	5
1327587	-5
1327638	5
1327719	-5
1333183	5
1333334	-5
1333350	5
1333369	-5
1333385	5
1333438	-5
1333466	5
1333485	-5
1335649	4
1335749	-4
1335765	4
1335800	-4
1335935	4
1335954	-4
1336666	5
1336682	-5
1336701	5
1336805	-5
1336852	5
1336949	-5
1337003	5
1337119	-5
1337170	5
1337270	-5
1337286	5
1337298	-5
1338516	5
1338702	-5
1339139	5
1339336	-5
1341767	4
1341949	-4
1341972	4
1342000	-4
1342018	4
1342151	-4
1342169	4
1342185	-4
1342232	4
1342320	-4
1344268	4
1344387	-4
1344401	4
1344418	-4
1344433	4
1344566	-4
1344584	4
1344688	-4
1344716	4
1344821	-4
1344833	4
1344851	-4
1346334	5
1346434	-5
1346484	5
1346616	-5
1346720	5
1346787	-5
1346868	5
1346887	-5
1346917	5
1346934	-5
1348968	4
1348984	-4
1349004	4
1349035	-4
1349105	4
1349217	-4
1355319	4
1355436	-4
1355451	4
1355567	-4
1355602	4
1355734	-4
1355752	4
1355853	-4
1355869	4
1355885	-4
1356336	5
1356452	-5
1356500	5
1356619	-5
1356669	5
1356704	-5
1356716	5
1356751	-5
1356768	5
1356786	-5
1356837	5
1356848	-5
1356918	5
1356934	-5
1357386	4
1357568	-4
1357598	4
1357619	-4
1357636	4
1357703	-4
1363085	3
1363101	-3
1363136	3
1363153	-3
1363222	3
1363234	-3
1366166	5
1366187	-5
1368001	4
1368036	-4
1368052	4
1368068	-4
1368082	4
1368187	-4
1368221	4
1368336	-4
1368371	4
1368435	-4
1370049	5
1370102	-5
1370118	5
1370131	-5
1370165	5
1370321	-5
1370334	5
1370350	-5
1370403	5
1370520	-5
1374153	2
1374305	-2
1374316	2
1374333	-2
1374386	2
1374421	-2
1374433	2
1374449	-2
1374966	5
1374987	-5
1375099	5
1375117	-5
1375268	5
1375284	-5
1375617	5
1375633	-5
1377022	4
1377068	-4
1377433	4
1377451	-4
1378252	5
1378286	-5
1378350	5
1378403	-5
1378419	5
1378454	-5
1379332	4
1379418	-4
1379436	4
1379448	-4
1379464	4
1379603	-4
1379615	4
1379738	-4
1379766	4
1379905	-4
1379917	4
1379936	-4
1379952	4
1380033	-4
1380052	4
1380068	-4
1388085	5
1388186	-5
1388201	5
1388218	-5
1390918	4
1391051	-4
1391067	4
1391086	-4
1391097	4
1391220	-4
1391248	4
1391348	-4
1391364	4
1391387	-4
1393403	2
1393414	-2
1393438	2
1393449	-2
1393500	2
1393519	-2
1393535	2
1393570	-2
1398272	4
1398283	-4
1398302	4
1398365	-4
1398383	4
1398400	-4
1398435	4
1398534	-4
1398620	4
1398632	-4
1398650	4
1398667	-4
1404472	2
1404502	-2
1404518	2
1404653	-2
1404688	2
1404750	-2
1404769	2
1404785	-2
1404820	2
1404854	-2
1404885	2
1404901	-2
1409382	4
1409467	-4
1409487	4
1409633	-4
1423519	2
1423716	-2
1433549	2
1433600	-2
1433649	2
1433670	-2
1433735	2
1433751	-2
1433764	2
1433786	-2
1433898	2
1433937	-2
1433949	2
1433967	-2
1434018	2
1434030	-2
1434099	2
1434135	-2
1434151	2
1434164	-2
1453488	3
1453518	-3
1453569	3
1453583	-3
1453599	3
1453715	-3
1453750	3
1453816	-3
1464884	3
1465500	-3
1516900	4
1516935	-4
1516966	4
1517086	-4
1517151	4
1517236	-4
1517248	4
1517267	-4
1526550	2
1526683	-2
1526717	2
1526833	-2
1526885	2
1526984	-2
1527017	2
1527101	-2
1556217	5
1556315	-5
1556333	5
1556350	-5
1556368	5
1556419	-5
1556466	5
1556501	-5
1556629	5
1556663	-5
1556682	5
1556698	-5
1557866	4
1557882	-4
1557901	4
1557982	-4
1558017	4
1558115	-4
1558133	4
1558149	-4
1558165	4
1558184	-4
1566968	4
1567031	-4
1567066	4
1567116	-4
1567131	4
1567247	-4
1567265	4
1567282	-4
1567948	4
1568048	-4
1568064	4
1568083	-4
1568099	4
1568165	-4
1568181	4
1568199	-4
1568215	4
1568299	-4
1568331	4
1568448	-4
1576918	4
1577084	-4
1577101	4
1577116	-4
1585519	2
1585548	-2
1585583	2
1585718	-2
1585730	2
1585751	-2
1585764	2
1585880	-2
1585897	2
1585918	-2
1585932	2
1586020	-2
1586031	2
1586048	-2
1619716	3
1619781	-3
1635698	2
1635733	-2
1635749	2
1635766	-2
1636917	4
1636933	-4
1636968	4
1637049	-4
1637100	4
1637165	-4
1637183	4
1637200	-4
1640899	5
1640915	-5
1640968	5
1640980	-5
1641001	5
1641101	-5
1641112	5
1641134	-5
1641316	5
1641333	-5
1641345	5
1641368	-5
1641400	5
1641414	-5
1641468	5
1641501	-5
1641534	5
1641549	-5
1649818	4
1649884	-4
1649918	4
1650001	-4
1650047	4
1650152	-4
1650180	4
1650198	-4
1651464	4
1651515	-4
1651550	4
1651666	-4
1651684	4
1651697	-4
1651712	4
1651835	-4
1651847	4
1651867	-4
1651882	4
1651968	-4
1657598	5
1657733	-5
1657749	5
1657779	-5
1657814	5
1657849	-5
1661696	4
1661715	-4
1662318	5
1662330	-5
1662350	5
1662381	-5
1662416	5
1662567	-5
1662597	5
1662713	-5
1669482	4
1669598	-4
1669614	4
1669719	-4
1669749	4
1669881	-4
1679199	4
1679265	-4
1679281	4
1679332	-4
1681765	4
1681800	-4
1681881	4
1681932	-4
1681998	4
1682098	-4
1682114	4
1682130	-4
1682148	4
1682165	-4
1682182	4
1682264	-4
1682281	4
1682299	-4
1689184	4
1689265	-4
1689316	4
1689450	-4
1689467	4
1689602	-4
1689633	4
1689765	-4
1689799	4
1689867	-4
1696196	2
1696317	-2
1696329	2
1696451	-2
1696463	2
1696479	-2
1696498	2
1696601	-2
1699997	4
1700016	-4
1700062	4
1700201	-4
1700229	4
1700345	-4
1700380	4
1700485	-4
1700496	4
1700515	-4
1701019	2
1701130	-2
1701147	2
1701165	-2
1701235	2
1701350	-2
1701402	2
1701535	-2
1701583	2
1701728	-2
1701750	2
1701762	-2
1709431	4
1709512	-4
1709548	4
1709652	-4
1709715	4
1709814	-4
1711183	4
1711216	-4
1711266	4
1711363	-4
1711398	4
1711533	-4
1711563	4
1711695	-4
1711746	4
1711851	-4
1714846	4
1714946	-4
1714981	4
1715097	-4
1715113	4
1715131	-4
1715148	4
1715264	-4
1715282	4
1715399	-4
1715415	4
1715430	-4
1724048	4
1724169	-4
1724180	4
1724315	-4
1724331	4
1724466	-4
1724495	4
1724628	-4
1724668	4
1724785	-4
1724795	4
1724814	-4
1725313	4
1725446	-4
1725464	4
1725596	-4
1725615	4
1725731	-4
1729985	3
1730368	-3
1733085	4
1733180	-4
1733231	4
1733317	-4
1733329	4
1733347	-4
1733364	4
1733468	-4
1734580	4
1734596	-4
1734733	4
1734780	-4
1734798	4
1734815	-4
1734897	4
1734949	-4
1734965	4
1734980	-4
1737197	4
1737318	-4
1737347	4
1737450	-4
1737497	4
1737613	-4
1740596	4
1740766	-4
1740780	4
1740799	-4
1740815	4
1740963	-4
1740980	4
1740998	-4
1741014	4
1741184	-4
1743831	3
1743947	-3
1744016	3
1744098	-3
1744114	3
1744132	-3
1744144	3
1744249	-3
1744265	3
1744281	-3
1744298	3
1744347	-3
1744365	3
1744381	-3
1747615	4
1747716	-4
1747748	4
1747899	-4
1747934	4
1748115	-4
1748149	4
1748299	-4
1748312	4
1748332	-4
1748347	4
1748498	-4
1748514	4
1748532	-4
1748567	4
1748649	-4
1751718	4
1751811	-4
1751831	4
1751966	-4
1751981	4
1752115	-4
1752148	4
1752232	-4
1752266	4
1752283	-4
1753982	5
1754098	-5
1754148	5
1754284	-5
1754333	5
1754400	-5
1754783	4
1754949	-4
1754964	4
1754981	-4
1754999	4
1755115	-4
1755132	4
1755301	-4
1755329	4
1755350	-4
1755364	4
1755483	-4
1755533	4
1755649	-4
1755684	4
1755832	-4
1755863	4
1756016	-4
1759399	4
1759411	-4
1759433	4
1759515	-4
1759562	4
1759632	-4
1759718	4
1759829	-4
1760328	2
1760363	-2
1760398	2
1760414	-2
1760479	2
1760534	-2
1760544	2
1760567	-2
1760582	2
1760595	-2
1760683	2
1760711	-2
1760734	2
1760746	-2
1760781	2
1760902	-2
1760913	2
1760932	-2
1760948	2
1761051	-2
1765750	5
1765761	-5
1765812	5
1765901	-5
1765963	5
1766044	-5
1766064	5
1766079	-5
1767015	4
1767201	-4
1767229	4
1767345	-4
1767364	4
1767380	-4
1768030	4
1768200	-4
1768211	4
1768227	-4
1768251	4
1768378	-4
1768397	4
1768413	-4
1768432	4
1768583	-4
1768594	4
1768611	-4
1768634	4
1768761	-4
1768780	4
1768896	-4
1768912	4
1768931	-4
1768947	4
1769051	-4
1773568	2
1773695	-2
1773800	2
1773881	-2
1773893	2
1774016	-2
1774028	2
1774044	-2
1776396	5
1776447	-5
1776528	5
1776663	-5
1776679	5
1776698	-5
1776732	5
1776795	-5
1776900	5
1776930	-5
1777028	5
1777097	-5
1777162	5
1777197	-5
1782131	4
1782229	-4
1782247	4
1782263	-4
1782282	4
1782433	-4
1782445	4
1782461	-4
1782480	4
1782630	-4
1782647	4
1782665	-4
1782682	4
1782851	-4
1782863	4
1782983	-4
1782995	4
1783014	-4
1788881	4
1788981	-4
1788997	4
1789014	-4
1789047	4
1789164	-4
1789197	4
1789329	-4
1789346	4
1789364	-4
1792781	4
1792830	-4
1792933	4
1793063	-4
1793149	4
1793265	-4
1793281	4
1793298	-4
1793363	4
1793497	-4
1793514	4
1793533	-4
1793613	4
1793715	-4
1793729	4
1793746	-4
1794414	3
1794832	-3
1800982	4
1801016	-4
1801043	4
1801194	-4
1801249	4
1801366	-4
1801399	4
1801516	-4
1801566	4
1801633	-4
1801647	4
1801664	-4
1815916	4
1816048	-4
1816060	4
1816217	-4
1816229	4
1816345	-4
1816361	4
1816380	-4
1816396	4
1816466	-4
1818179	4
1818249	-4
1818284	4
1818382	-4
1823095	5
1823113	-5
1823130	5
1823164	-5
1823234	5
1823264	-5
1823311	5
1823362	-5
1823450	5
1823478	-5
1823496	5
1823513	-5
1823531	5
1823601	-5
1823613	5
1823629	-5
1823717	5
1823729	-5
1823763	5
1823780	-5
1823793	5
1823896	-5
1823914	5
1823931	-5
1825261	4
1825377	-4
1825417	4
1825545	-4
1825563	4
1825696	-4
1832715	4
1832731	-4
1832766	4
1832831	-4
1832894	4
1832963	-4
1834147	3
1834248	-3
1834263	3
1834363	-3
1834379	3
1834514	-3
1834531	3
1834600	-3
1834612	3
1834630	-3
1834647	3
1834681	-3
1834697	3
1834712	-3
1835164	4
1835194	-4
1835780	4
1835796	-4
1841113	4
1841229	-4
1841278	4
1841345	-4
1841364	4
1841380	-4
1846496	4
1846581	-4
1846596	4
1846614	-4
1846628	4
1846746	-4
1846780	4
1846879	-4
1846913	4
1846930	-4
1848950	3
1848962	-3
1848980	3
1849079	-3
1849714	4
1849730	-4
1849781	4
1849879	-4
1849932	4
1849996	-4
1851562	5
1851647	-5
1851662	5
1851680	-5
1851696	5
1851882	-5
1851898	5
1851914	-5
1851929	5
1852062	-5
1852080	5
1852096	-5
1852114	5
1852131	-5
1852147	5
1852265	-5
1852282	5
1852298	-5
1852328	5
1852416	-5
1852479	5
1852532	-5
1852549	5
1852563	-5
1852579	5
1852596	-5
1857316	4
1857381	-4
1857413	4
1857530	-4
1857548	4
1857564	-4
1860164	5
1860215	-5
1862615	3
1863032	-3
1863948	4
1864116	-4
1864131	4
1864147	-4
1864165	4
1864298	-4
1864316	4
1864330	-4
1864349	4
1864499	-4
1864514	4
1864532	-4
1864549	4
1864665	-4
1864681	4
1864699	-4
1864715	4
1864816	-4
1864832	4
1864844	-4
1864867	4
1865016	-4
1865030	4
1865048	-4
1865065	4
1865181	-4
1865215	4
1865227	-4
1865250	4
1865261	-4
1865283	4
1865296	-4
1877161	3
1877183	-3
1877196	3
1877283	-3
1877316	3
1877383	-3
1878798	5
1878810	-5
1878879	5
1879066	-5
1879115	5
1879216	-5
1879251	5
1879297	-5
1879310	5
1879332	-5
1879367	5
1879615	-5
1879695	5
1879899	-5
1881596	5
1881615	-5
1881631	5
1881649	-5
1882999	4
1883150	-4
1883182	4
1883298	-4
1883315	4
1883333	-4
1883345	4
1883466	-4
1883477	4
1883500	-4
1883512	4
1883533	-4
1883547	4
1883628	-4
1883663	4
1883799	-4
1883833	4
1883965	-4
1883995	4
1884099	-4
1884150	4
1884215	-4
1884232	4
1884244	-4
1884266	5
1884366	-5
1884401	5
1884413	-5
1884433	5
1884517	-5
1884564	5
1884699	-5
1884749	5
1884815	-5
1884831	5
1884849	-5
1889045	4
1889216	-4
1889231	4
1889247	-4
1889266	4
1889411	-4
1889433	4
1889579	-4
1889595	4
1889695	-4
1890814	5
1890932	-5
1890977	5
1891000	-5
1891012	5
1891031	-5
1891065	5
1891098	-5
1891151	5
1891162	-5
1891181	5
1891212	-5
1891232	5
1891267	-5
1891279	5
1891298	-5
1891315	5
1891332	-5
1891431	5
1891465	-5
1891481	5
1891499	-5
1891511	5
1891531	-5
1893748	5
1893868	-5
1893914	5
1894049	-5
1894065	5
1894077	-5
1894782	4
1894885	-4
1894896	4
1894913	-4
1894932	4
1895133	-4
1895165	4
1895300	-4
1895312	4
1895332	-4
1895365	4
1895516	-4
1895582	4
1895732	-4
1895749	4
1895765	-4
1895832	4
1895965	-4
1897028	3
1897049	-3
1897061	3
1897083	-3
1898465	5
1898480	-5
1898495	5
1898616	-5
1898646	5
1898767	-5
1900516	3
1900683	-3
1900695	3
1900748	-3
1901530	3
1901716	-3
1905416	4
1905431	-4
1905464	4
1905481	-4
1905513	4
1905548	-4
1908282	4
1908349	-4
1908398	4
1908515	-4
1908564	4
1908631	-4
1908647	4
1908664	-4
1912381	4
1912497	-4
1912513	4
1912532	-4
1912548	4
1912664	-4
1912682	4
1912698	-4
1912715	4
1912815	-4
1912827	4
1912850	-4
1912865	4
1912977	-4
1913015	4
1913115	-4
1913132	4
1913147	-4
1913182	4
1913314	-4
1913349	4
1913449	-4
1913500	4
1913613	-4
1913632	4
1913647	-4
1913665	4
1913765	-4
1913797	4
1913882	-4
1913897	4
1913913	-4
1913930	4
1914047	-4
1914080	4
1914215	-4
1914249	4
1914347	-4
1914401	4
1914532	-4
1916531	4
1916611	-4
1916630	4
1916646	-4
1916665	4
1916781	-4
1916797	4
1916815	-4
1916832	4
1916878	-4
1916897	4
1916932	-4
1917311	5
1917384	-5
1917396	5
1917414	-5
1917447	5
1917500	-5
1917512	5
1917532	-5
1917581	5
1917598	-5
1918232	3
1918248	-3
1918283	3
1918399	-3
1918411	3
1918432	-3
1918446	3
1918531	-3
1918549	3
1918562	-3
1923032	4
1923101	-4
1926717	5
1926927	-5
1926979	5
1927095	-5
1928535	4
1928716	-4
1928731	4
1928848	-4
1928865	4
1928878	-4
1928894	4
1928994	-4
1929010	4
1929029	-4
1929045	4
1929161	-4
1929196	4
1929347	-4
1929377	4
1929533	-4
1929563	4
1929667	-4
1929679	4
1929695	-4
1929714	4
1929730	-4
1929748	4
1929846	-4
1929881	4
1929981	-4
1929997	4
1930016	-4
1930027	4
1930148	-4
1930160	4
1930183	-4
1930195	4
1930334	-4
1930346	4
1930364	-4
1930380	4
1930544	-4
1930566	4
1930578	-4
1930596	4
1930631	-4
1931634	5
1931646	-5
1931734	5
1931746	-5
1933283	5
1933677	-5
1934297	2
1934416	-2
1934428	2
1934548	-2
1935531	4
1935647	-4
1935663	4
1935779	-4
1935814	4
1935895	-4
1935914	4
1935930	-4
1939633	5
1939663	-5
1939680	5
1939784	-5
1939796	5
1939814	-5
1939831	5
1939930	-5
1939965	5
1940000	-5
1940446	4
1940616	-4
1940650	4
1940818	-4
1940829	4
1940964	-4
1941010	4
1941131	-4
1941166	4
1941312	-4
1941347	4
1941444	-4
1943511	4
1943750	-4
1943762	4
1943831	-4
1943848	4
1943865	-4
1946378	5
1946494	-5
1946548	5
1946680	-5
1946727	5
1946861	-5
1946912	5
1946994	-5
1947012	5
1947029	-5
1949246	3
1949381	-3
1949397	3
1949467	-3
1949479	3
1949497	-3
1950279	5
1950298	-5
1950314	5
1950328	-5
1950344	5
1950384	-5
1950430	5
1950444	-5
1950465	5
1950477	-5
1950511	5
1950565	-5
1950593	5
1950616	-5
1950697	5
1950732	-5
1950778	5
1950797	-5
1950813	5
1950848	-5
1950863	5
1950878	-5
1953495	5
1953560	-5
1953646	5
1953681	4
1953694	-4
1953716	-5
1953728	4
1953728	5
1953746	-5
1953851	-4
1953862	4
1953863	5
1953878	-4
1953879	-5
1953897	4
1953998	5
1954048	-4
1954064	-5
1954078	4
1954234	-4
1954262	4
1954396	-4
1954431	4
1954517	-4
1954528	4
1954547	-4
1954582	4
1954663	-4
1954698	4
1954784	-4
1956444	3
1956544	-3
1956560	3
1956579	-3
1956595	3
1956711	-3
1956730	3
1956816	-3
1956828	3
1956846	-3
1958332	4
1958429	-4
1958448	4
1958464	-4
1958478	4
1958580	-4
1958615	4
1958766	-4
1958778	4
1958848	-4
1963796	4
1963846	-4
1963933	4
1963997	-4
1964014	4
1964030	-4
1964061	4
1964180	-4
1967480	4
1967613	-4
1967630	4
1967796	-4
1967845	4
1967963	-4
1967996	4
1968112	-4
1968165	4
1968282	-4
1968330	4
1968447	-4
1968479	4
1968613	-4
1968646	4
1968797	-4
1968814	4
1968832	-4
1968847	4
1968948	2
1968964	-2
1968981	2
1968997	-4
1969013	-2
1969014	4
1969029	2
1969030	-4
1969048	-2
1969064	4
1969164	-4
1969215	4
1969347	-4
1969380	4
1969447	-4
1969464	4
1969482	-4
1971981	4
1972013	-4
1972098	4
1972213	-4
1972231	4
1972380	-4
1972396	4
1972431	-4
1972448	4
1972464	-4
1972496	4
1972513	-4
1973831	5
1973847	-5
1973864	5
1973880	-5
1973982	5
1974017	-5
1974028	5
1974048	-5
1974098	5
1974131	-5
1974147	5
1974179	-5
1974215	5
1974230	-5
1977713	4
1977765	-4
1977813	4
1977932	-4
1977964	4
1978080	-4
1978148	4
1978214	-4
1981196	5
1981331	-5
1981347	5
1981364	-5
1981393	5
1981482	-5
1981497	5
1981513	-5
1981530	4
1981698	-4
1981714	4
1981730	-4
1981747	4
1981881	-4
1981914	4
1982064	-4
1982097	4
1982264	-4
1982294	4
1982399	-4
1982447	4
1982547	-4
1982581	4
1982597	-4
1982613	4
1982682	-4
1982731	4
1982814	-4
1982845	4
1982913	-4
1985715	4
1985731	-4
1985747	4
1985759	-4
1985782	4
1985897	-4
1985914	4
1985998	-4
1986014	4
1986031	-4
1987147	4
1987164	-4
1987182	4
1987280	-4
1987298	4
1987314	-4
1987331	4
1987464	-4
1987496	4
1987577	-4
1991582	5
1991796	-5
1991830	5
1991980	-5
1995298	4
1995448	-4
1995483	4
1995615	-4
1995627	4
1995647	-4
1995663	4
1995681	-4
1995697	4
1995797	-4
1995848	4
1995947	-4
1995999	4
1996110	-4
1996161	4
1996243	-4
1996331	4
1996400	-4
1996412	4
1996430	-4
1996447	4
1996515	-4
1996530	4
1996547	-4
1996581	4
1996660	-4
1996681	4
1996696	-4
1996714	4
1996830	-4
1996865	4
1996946	-4
1996997	4
1997066	-4
2000665	5
2000712	-5
2000765	5
2000863	-5
2000880	5
2000898	-5
2000944	5
2001031	-5
2001148	5
2001176	-5
2001200	5
2001211	-5
2001681	3
2001730	-3
2001746	3
2001764	-3
2001780	3
2001810	-3
2001847	3
2001863	-3
2002298	4
2002326	-4
2002349	4
2002361	-4
2002396	4
2002484	-4
2002531	4
2002628	-4
2002646	4
2002732	-4
2005781	4
2005983	-4
2006796	3
2006865	-3
2006877	3
2006981	-3
2006993	3
2007081	-3
2007112	3
2007198	-3
2010499	5
2010511	-5
2010564	5
2010595	-5
2010650	5
2010662	-5
2010731	5
2010761	-5
2010797	5
2010812	-5
2010882	5
2010894	-5
2010913	5
2010928	-5
2014996	4
2015011	-4
2015046	4
2015062	-4
2015080	4
2015131	-4
2015146	4
2015162	-4
2015196	4
2015294	-4
2015313	4
2015329	-4
2016629	5
2016848	-5
2017863	4
2017897	-4
2017913	4
2017930	-4
2017946	4
2018099	-4
2018145	4
2018247	-4
2018278	4
2018412	-4
2018429	4
2018447	-4
2018464	4
2018545	-4
2018563	4
2018580	-4
2018597	4
2018679	-4
2018714	4
2018812	-4
2018865	4
2018880	-4
2019497	5
2019513	-5
2019596	5
2019647	-5
2020112	5
2020212	2
2020212	-5
2020228	-2
2020247	2
2020328	-2
2020346	2
2020363	-2
2020379	2
2020479	-2
2020495	2
2020514	-2
2020530	2
2020630	-2
2022364	3
2022497	-3
2022512	3
2022531	-3
2022545	3
2022615	-3
2023179	5
2023230	-5
2023281	5
2023363	-5
2023447	5
2023531	-5
2023613	5
2023697	-5
2031880	4
2031896	-4
2031931	4
2032015	-4
2032064	4
2032130	-4
2032216	4
2032314	-4
2033432	5
2033447	-5
2033515	5
2033563	-5
2033579	5
2033598	-5
2033649	5
2033660	-5
2033679	5
2033730	-5
2038746	3
2038811	-3
2038827	3
2038927	-3
2038943	3
2039066	-3
2039078	3
2039198	-3
2040180	4
2040266	-4
2040313	4
2040429	-4
2040482	4
2040597	-4
2040645	4
2040749	-4
2040796	4
2040893	-4
2040912	4
2040928	-4
2040947	4
2041063	-4
2041098	4
2041195	-4
2041214	4
2041295	-4
2041330	4
2041446	-4
2041980	5
2041996	-5
2042026	5
2042066	-5
2042131	5
2042212	-5
2042280	5
2042333	-5
2042344	5
2042363	-5
2043262	4
2043396	-4
2044284	4
2044395	-4
2044430	4
2044446	-4
2044499	4
2044562	-4
2048180	2
2048196	-2
2048214	2
2048226	-2
2048242	2
2048347	-2
2048359	2
2048382	-2
2048393	2
2048493	-2
2052080	5
2052166	-5
2052178	5
2052196	-5
2052213	5
2052283	3
2052294	-5
2052312	5
2052329	-5
2052348	-3
2052359	5
2052382	3
2052410	-5
2052429	5
2052480	-5
2052494	-3
2052515	3
2052526	5
2052561	-5
2052580	5
2052596	-5
2052614	-3
2053699	5
2053815	-5
2053996	5
2054012	-5
2054163	5
2054217	-5
2054228	5
2054244	-5
2055749	4
2055761	-4
2055812	4
2055900	-4
2055947	4
2056009	-4
2063597	4
2063679	-4
2063713	4
2063730	-4
2063743	4
2063864	-4
2063899	4
2064011	-4
2064043	4
2064166	-4
2065896	5
2065912	-5
2065931	5
2065994	-5
2066030	5
2066047	-5
2066063	5
2066098	-5
2066110	5
2066144	-5
2066678	4
2066864	-4
2066899	4
2067061	-4
2067080	4
2067247	-4
2067259	4
2067282	-4
2067294	4
2067398	-4
2067429	4
2067549	-4
2067579	4
2067649	-4
2067661	4
2067677	-4
2068613	5
2068763	-5
2068815	5
2068966	-5
2068996	5
2069147	-5
2069178	5
2069263	-5
2069279	5
2069294	-5
2077046	4
2077146	-4
2077162	4
2077297	-4
2077313	4
2077394	-4
2078481	3
2078495	-3
2078549	3
2078613	-3
2078662	3
2078729	-3
2078746	3
2078762	-3
2078780	3
2078829	-3
2078846	3
2078862	-3
2078879	3
2079031	-3
2079046	3
2079514	-3
2080048	4
2080164	-4
2080180	4
2080196	-4
2080213	4
2080330	-4
2080362	4
2080495	-4
2080529	4
2080664	-4
2080713	4
2080815	-4
2083396	4
2083547	-4
2083580	4
2083728	-4
2083744	4
2083763	-4
2083780	4
2083880	-4
2083931	4
2084047	-4
2084082	4
2084095	-4
2084112	4
2084197	-4
2084212	4
2084230	-4
2084246	4
2084346	-4
2084378	4
2084445	-4
2084462	4
2084479	-4
2084511	4
2084564	-4
2084578	4
2084596	-4
2086262	4
2086279	-4
2086311	4
2086412	-4
2086464	4
2086544	-4
2086627	4
2086747	-4
2094044	3
2094298	-3
2097944	4
2098245	-4
2098264	4
2098278	-4
2098295	4
2098462	-4
2098496	4
2098595	-4
2098647	4
2098763	-4
2098792	4
2098895	-4
2098928	4
2099012	-4
2099062	4
2099146	-4
2099197	4
2099263	-4
2100395	3
2100544	-3
2100598	4
2100714	-4
2100748	4
2100865	-4
2100895	4
2100962	-4
2100980	4
2100995	-4
2101044	4
2101161	-4
2101229	4
2101345	-4
2102796	4
2102831	-4
2102844	4
2102931	-4
2102945	4
2103047	-4
2103059	4
2103082	-4
2103111	4
2103228	-4
2104192	2
2104329	-2
2104347	2
2104359	-2
2104376	2
2104515	-2
2104527	2
2104629	-2
2104666	2
2104677	-2
2107563	4
2107661	-4
2107679	4
2107830	-4
2107842	4
2107858	-4
2107882	4
2108016	-4
2108028	4
2108044	-4
2108063	4
2108230	-4
2108242	4
2108446	-4
2108462	4
2108597	-4
2108631	4
2108729	-4
2109611	4
2109630	-4
2109646	4
2109762	-4
2109797	4
2109930	-4
2109960	4
2110048	-4
2110076	4
2110095	-4
2113710	3
2113759	-3
2113779	3
2113895	-3
2113910	3
2114030	-3
2116577	5
2116612	-5
2116630	5
2116728	-5
2116744	5
2116763	-5
2117193	5
2117211	-5
2120880	4
2120931	-4
2120977	4
2121093	-4
2121147	4
2121263	-4
2121314	4
2121449	-4
2121495	4
2121627	-4
2121662	4
2121762	2
2121843	-4
2121878	-2
2121894	4
2121913	2
2122029	-4
2122045	-2
2122060	4
2122080	2
2122180	-2
2122196	-4
2122227	4
2122243	2
2122331	-2
2122361	-4
2122377	2
2122378	4
2122394	-4
2122412	4
2122447	-4
2122498	-2
2135829	4
2135980	-4
2136030	4
2136128	-4
2136181	4
2136279	-4
2136332	4
2136395	-4
2136413	4
2136430	-4
2136460	4
2136530	-4
2138492	4
2138514	-4
2138547	4
2138596	-4
2139397	4
2139495	-4
2139560	4
2139595	-4
2139692	4
2139746	-4
2139762	4
2139780	-4
2139792	4
2139814	-4
2139878	4
2139893	-4
2139913	4
2139924	-4
2139959	4
2139994	-4
2140029	4
2140114	-4
2141092	5
2141178	-5
2141410	5
2141429	-5
2141492	5
2141515	-5
2148930	2
2149010	-2
2149026	2
2149045	-2
2149061	2
2149080	-2
2149096	2
2149266	-2
2149277	2
2149479	-2
2149491	2
2149760	-2
2149781	2
2149793	4
2149811	-2
2149846	2
2149862	-2
2149909	-4
2149965	4
2150048	-4
2150113	4
2150199	-4
2150264	4
2150362	-4
2155279	4
2155342	-4
2161630	4
2161665	-4
2161676	4
2161693	-4
2161711	4
2161862	-4
2161878	4
2161994	5
2162013	-5
2162029	5
2162041	-4
2162064	-5
2162076	4
2162176	5
2162192	-4
2162210	-5
2162227	4
2162308	-4
2162331	4
2162343	-4
2162343	5
2162361	-5
2162378	4
2162396	-4
2162412	4
2162477	5
2162494	-4
2162529	4
2162547	-5
2162598	5
2162610	-4
2162663	4
2162675	-4
2162691	4
2162714	-5
2162744	-4
2162779	4
2162849	-4
2162860	4
2162877	-4
2162912	4
2162947	-4
2167579	4
2167980	-4
2169629	5
2169715	-5
2169761	5
2169861	-5
2169947	5
2170028	-5
2170041	5
2170063	-5
2170128	5
2170144	-5
2170163	5
2170179	-5
2174742	4
2174842	-4
2174858	4
2174876	-4
2174893	4
2174928	2
2175009	-4
2175044	-2
2175062	4
2175079	2
2175181	-4
2175195	-2
2175230	2
2175242	4
2175346	-2
2175381	-4
2175392	2
2175411	4
2175480	-2
2175512	2
2175527	-4
2175562	4
2175596	-2
2175643	2
2175678	-4
2175729	4
2175743	-4
2175764	4
2175775	-2
2175797	2
2175810	-2
2175845	-4
2175892	4
2175910	-4
2175926	4
2176031	-4
2176042	4
2176061	-4
2176077	4
2176182	-4
2176212	4
2176247	-4
2180229	4
2180292	-4
2180326	4
2180345	-4
2180361	4
2180442	-4
2180512	4
2180612	-4
2180678	4
2180794	-4
2180814	4
2180826	-4
2188059	4
2188146	-4
2188161	4
2188178	-4
2188193	4
2188344	-4
2188360	4
2188460	-4
2188477	4
2188495	-4
2188511	4
2188627	-4
2188661	4
2188727	-4
2188743	4
2188762	-4
2192981	5
2192993	-5
2193011	5
2193046	-5
2193077	5
2193095	-5
2193111	5
2193127	-5
2193162	5
2193243	-5
2198096	4
2198177	-4
2198194	4
2198293	-4
2198309	4
2198410	-4
2198444	4
2198530	-4
2198544	4
2198560	-4
2198577	4
2198630	-4
2203209	4
2203313	-4
2203325	4
2203465	-4
2203495	4
2203576	-4
2203627	4
2203727	-4
2203762	4
2203847	-4
2203878	4
2203963	-4
2204010	4
2204126	-4
2204145	4
2204242	-4
2204261	4
2204277	-4
2207709	5
2207725	-5
2207760	5
2207813	-5
2207825	5
2207846	-5
2207860	5
2207876	-5
2207929	5
2208010	-5
2208027	5
2208045	-5
2208109	5
2208196	-5
2208209	5
2208226	-5
2208243	2
2208278	-2
2208294	2
2208324	-2
2208394	5
2208410	-5
2212462	4
2212544	-4
2212597	4
2212678	-4
2212694	4
2212710	-4
2212729	4
2212794	-4
2212829	4
2212893	-4
2212910	4
2212926	-4
2212945	4
2213031	-4
2213044	4
2213061	-4
2213077	4
2213126	-4
2213143	4
2213159	-4
2214795	4
2214924	-4
2214946	4
2215058	-4
2215608	5
2215626	-5
2215696	5
2215747	-5
2215759	5
2215777	-5
2215794	5
2215812	-5
2215829	5
2215840	-5
2215863	5
2215945	-5
2215957	5
2215979	-5
2215992	5
2216010	3
2216076	-5
2216096	5
2216107	-3
2216108	-5
2216130	5
2216161	3
2216247	-3
2216260	-5
2216276	5
2216293	-5
2216346	5
2216375	3
2216393	-3
2216428	3
2216444	-3
2216479	-5
2216490	5
2216513	-5
2216526	5
2216544	-5
2216560	5
2216676	-5
2217960	4
2218193	-4
2218262	4
2218348	-4
2218413	4
2218494	-4
2218511	4
2218525	-4
2219596	5
2219643	-5
2219660	5
2219678	-5
2221227	4
2221246	-4
2221309	4
2221378	-4
2221392	4
2221413	-4
2221425	4
2221513	-4
2221524	4
2221541	-4
2221564	4
2221645	-4
2221657	4
2221680	-4
2221692	4
2221815	-4
2221846	4
2221907	-4
2229628	4
2229693	-4
2229709	4
2229808	-4
2230863	2
2230979	-2
2231010	2
2231130	-2
2231177	2
2231293	-2
2241712	2
2241827	-2
2241862	2
2241928	-2
2241945	2
2241962	-2
2246775	2
2246892	-2
2246913	2
2247043	-2
2247077	2
2247210	-2
2247228	2
2247245	-2
2247261	2
2247379	-2
2247391	2
2247413	-2
2247426	2
2247530	-2
2247563	2
2247577	-2
2250929	6
2251048	-6
2251076	6
2251194	-6
2251245	6
2251343	-6
2251361	6
2251378	-6
2262414	5
2262495	-5
2262546	5
2262646	-5
2269577	2
2269658	-2
2269675	2
2269693	-2
2269709	2
2269826	-2
2269844	2
2269995	-2
2270046	2
2270197	-2
2270209	2
2270227	-2
2270243	2
2270395	-2
2272647	4
2272763	-4
2272774	4
2272793	-4
2272809	4
2272925	-4
2272944	4
2272960	-4
2272973	4
2273095	-4
2273111	4
2273123	-4
2273146	4
2273257	-4
2273297	4
2273408	-4
2273443	4
2273529	-4
2273541	4
2273559	-4
2273575	4
2273594	-4
2273610	4
2273640	-4
2273657	4
2273680	-4
2273710	4
2273761	-4
2273773	4
2273796	-4
2275510	2
2275579	-2
2275607	2
2275695	-2
2275742	2
2275863	-2
2278377	4
2278424	-4
2278475	4
2278579	-4
2278626	4
2278730	-4
2278795	4
2278858	-4
2283107	3
2283207	-3
2283247	3
2283258	-3
2283277	3
2283397	-3
2283444	3
2283560	-3
2283613	3
2283711	-3
2283723	3
2283746	-3
2284531	3
2284542	-3
2284558	3
2284645	-3
2284674	3
2284763	-3
2289244	5
2289330	-5
2289395	5
2289411	2
2289492	-5
2289546	-2
2289561	5
2289576	2
2289676	-5
2289692	-2
2289724	5
2289743	2
2289844	-2
2289859	2
2289876	-2
2289894	-5
2289910	2
2289925	5
2289945	-2
2289992	2
2290010	-2
2290026	-5
2293126	4
2293208	-4
2293226	4
2293242	-4
2293261	4
2293358	-4
2293377	4
2293393	-4
2293409	4
2293528	-4
2293579	4
2293691	-4
2293730	4
2293846	-4
2293876	4
2293981	-4
2294027	4
2294097	-4
2294125	4
2294264	-4
2294294	4
2294310	-4
2294326	4
2294426	-4
2299477	2
2299492	-2
2299512	2
2299611	-2
2299642	2
2299728	-2
2299744	2
2299758	-2
2299779	2
2299814	-2
2302147	4
2302159	-4
2302179	4
2302193	-4
2302228	4
2302310	-4
2302328	4
2302344	-4
2305010	2
2305092	-2
2305126	2
2305247	-2
2305293	2
2305409	-2
2320161	2
2320277	-2
2320312	2
2320444	-2
2320479	2
2320544	-2
2320560	2
2320578	-2
2326992	5
2327060	-5
2327108	5
2327242	-5
2350478	5
2350727	-5
2350775	5
2350860	-5
2350877	5
2350891	-5
2350994	5
2351077	-5
2360261	4
2360474	-4
2360493	4
2360509	-4
2360528	4
2360690	-4
2360712	4
2360725	-4
2360741	4
2360861	-4
2366646	4
2366674	-4
2366774	4
2366860	-4
2366946	4
2367057	-4
2367075	4
2367092	-4
2375040	4
2375260	-4
2387943	4
2387956	-4
2387978	4
2387989	-4
2388043	4
2388112	-4
2388194	4
2388210	-4
2388222	4
2388245	-4
2388257	4
2388275	-4
2391026	4
2391159	-4
2391194	4
2391328	-4
2391391	4
2391507	-4
2392656	5
2393063	-5
2393074	5
2393139	-5
2393179	5
2393244	-5
2393295	5
2393307	-5
2403309	4
2403477	-4
2403512	4
2403658	-4
2404545	4
2404940	-4
2411692	5
