%%%DateTime	ms since program start
2016-10-11T19:46:47.849-07:00	743
126862	2
127185	-2
127552	2
127750	-2
129851	1
130019	-1
130049	5
130152	-5
130334	1
130369	-1
135168	3
135984	-3
141920	4
141933	-4
142335	4
142517	-4
147451	5
147718	-5
152369	5
152536	-5
154417	6
154436	-6
154552	6
154754	-6
158314	6
158348	-6
165879	1
166731	-1
169582	2
169779	-2
172847	3
172863	-3
2856897	5
2857914	-5
2871646	5
2872048	-5
2873896	5
2874715	-5
2940665	6
2942498	-6
2979785	6
2980183	-6
2980249	6
2980799	-6
3450631	6
3451446	-6
3452280	6
3452681	-6
3537882	1
3537898	-1
3648064	1
3648679	-1
3649296	1
3649445	-1
3652979	1
3660981	-1
3674082	1
3676547	-1
3676562	1
3680432	-1
3906133	4
3906949	-4
3931949	4
3932130	-4
3933166	4
3933783	-4
4736012	4
4736431	-4
4736830	4
4737248	-4
4737429	4
4738065	-4
4839248	2
4839863	-2
4842514	2
4843130	-2
4843148	2
4844978	-2
4845161	2
4845282	-2
4887978	3
4890029	-3
4890846	3
4891678	-3
4892897	3
4894747	-3
4899461	3
4899863	-3
4920544	3
4925464	-3
4926697	2
4927514	-2
4960897	6
4962328	-6
4963564	6
4964178	-6
4964780	6
4965414	-6
5244562	3
5245779	-3
5246196	3
5247428	-3
5248860	3
5248881	-3
5248929	3
5249478	-3
5249495	3
5249881	-3
5614028	2
5614444	-2
5815146	5
5818062	5
5818246	-5
5839728	5
5840128	-5
6105161	5
6105560	-5
6106994	5
6110274	-5
6210845	5
6230493	-5
6234591	5
6235009	-5
6236245	5
6239926	-5
6255276	5
6280059	-5
6292142	5
6292323	-5
6293577	5
6294193	-5
6503923	5
6507807	-5
6542839	5
6542856	-5
6607754	5
6611035	-5
6681686	1
6684352	-1
6684971	1
6685371	-1
6686004	1
6686403	-1
6698288	1
6698301	-1
6698685	1
6705455	-1
6709154	1
6709754	-1
6710153	1
6711384	-1
6711534	1
6711670	-1
6712417	1
6712470	-1
6755020	1
6755138	-1
6755168	1
6755252	-1
6755369	1
6755853	-1
6755937	1
6756135	-1
6768121	1
6776518	3
6776921	-3
6777335	3
6777552	-3
6777954	-1
6778368	1
6778369	3
6778769	-3
6779185	-1
6779186	3
6779587	-3
6886088	5
6886258	-5
6886390	5
6886541	-5
6902471	5
6902888	-5
6903505	5
6908207	-5
6932790	5
6933189	-5
6952039	5
6952654	-5
7005089	5
7007140	-5
7007538	5
7007956	-5
7032124	5
7032337	-5
7033138	5
7034987	-5
7035407	5
7038056	-5
7039705	5
7051373	-5
7055106	5
7062224	-5
7063871	5
7063888	-5
7063905	5
7064689	-5
7065506	5
7066122	-5
7066523	5
7066936	-5
7073907	5
7075339	-5
7080256	1
7093773	-1
7095403	1
7101989	-1
7113637	1
7113655	-1
7114240	1
7114987	-1
7115672	1
7115686	-1
7115737	1
7115753	-1
7116504	1
7117120	-1
7117141	1
7118338	-1
7119573	1
7119587	-1
7119988	1
7120804	-1
7122037	1
7122855	-1
7128188	1
7130072	-1
7130138	1
7136573	-1
7136972	1
7137587	-1
7137603	1
7137638	-1
7141290	1
7144756	-1
7183888	1
7185721	-1
7192072	5
7192088	-5
7201487	5
7201522	-5
7203138	5
7204971	-5
7356536	5
7356838	-5
7532047	5
7532664	-5
7532865	5
7535745	-5
7535764	5
7536981	-5
7589812	5
7590230	-5
7590631	5
7591047	-5
7591061	5
7591445	-5
7675628	1
7684845	-1
7684962	1
7690779	-1
7691397	1
7693028	-1
7722528	2
7722547	-2
7759596	5
7759628	-5
7759646	5
7759660	-5
7935111	1
7938809	-1
7940242	1
7940362	-1
7985911	2
7986944	-2
7989813	1
7991244	-1
8099992	2
8100109	-2
8100178	2
8100608	-2
8100794	2
8101827	-2
8326511	3
8641712	1
8641792	-1
8642112	1
8642128	-1
8644569	1
8644988	-1
8655837	1
8656018	-1
8658704	1
8659120	-1
8659736	1
8660353	-1
8660487	1
8661570	-1
8662604	1
8663004	-1
8663420	1
8664038	-1
8664438	1
8664854	-1
8665673	1
8666690	-1
8680823	3
8681039	-3
8682055	3
8682472	-3
8683089	3
8684305	-3
8695603	1
8695724	-1
8713189	1
8713203	-1
8714621	1
8714638	-1
8721590	1
8723640	-1
8723690	1
8723757	-1
8955070	1
8955087	-1
8965720	1
8965770	-1
8965820	1
8966536	-1
8967554	1
8968169	-1
8968586	1
8969202	-1
9215784	5
9217634	-5
9217685	5
9219669	-5
9219685	5
9220285	-5
9227670	3
9228070	-3
9228483	3
9229719	-3
9258801	5
9258935	-5
9259399	5
9261250	-5
9261668	5
9262068	-5
9312450	1
9312868	-1
9313886	1
9313901	-1
9316970	1
9316985	-1
9338467	5
9338866	-5
9339284	5
9339702	-5
9343582	5
9344002	-5
9351783	5
9352382	-5
9352801	5
9352868	-5
9353618	5
9353650	-5
9383115	5
9383734	-5
9387616	5
9388018	-5
9388436	5
9388848	-5
9389269	5
9389467	-5
9394582	6
9394833	-6
9395801	5
9396416	6
9396834	-6
9397249	-5
9397368	5
9399284	-5
9404201	5
9406865	-5
9407283	5
9407902	-5
9416501	6
9417715	-6
9418134	6
9418552	-6
9419765	6
9420183	-6
9420583	6
9422434	-6
9599796	5
9600012	-5
9616377	5
9616510	-5
9616993	5
9619045	-5
9619245	5
9619328	-5
9619394	5
9619546	-5
9988926	2
9988943	-2
10131277	5
10132291	-5
10136393	5
10137214	-5
10219965	3
10222407	-3
10226308	3
10226327	-3
10226362	3
10226396	-3
10227527	3
10229578	-3
10232043	3
10232445	-3
10233479	3
10236827	-3
10242894	3
10245146	-3
10274643	5
10274658	-5
10274844	5
10275858	-5
10276276	5
10276678	-5
10278127	4
10278246	-4
10280161	4
10281393	-4
10281411	4
10281810	-4
10281827	4
10281861	-4
10283644	4
10285077	-4
10285491	4
10290611	-4
10645340	4
10646358	-4
10723163	4
10724396	-4
10902996	5
10903196	-5
11019523	4
11019704	-4
11020754	4
11021774	-4
11022189	4
11023207	-4
11081986	4
11087919	-4
11430785	1
11430868	-1
11696198	3
11698449	-3
11731015	3
11748832	-3
11804147	3
11804749	-3
11808034	3
11809050	-3
11809149	3
11815199	-3
11816011	3
11816034	-3
11816068	3
11816161	-3
11866799	2
11866815	-2
11866864	2
11866880	-2
11866915	2
11866931	-2
12091080	5
12091094	-5
12133264	1
12136946	-1
12268025	4
12268044	-4
12268060	4
12268095	-4
12315962	1
12316356	-1
12316379	1
12316461	-1
12316594	1
12318210	-1
12565208	2
12565607	-2
12768174	1
12768186	-1
12768306	1
12768506	-1
12883670	3
12884086	-3
12950854	2
12951274	-2
13060636	2
13061654	-2
13160569	4
13160987	-4
13161386	4
13162419	-4
13162837	4
13163654	-4
13165087	4
13165120	-4
13200518	4
13202151	-4
13202767	4
13202782	-4
13283053	2
13283667	-2
13291253	2
13291265	-2
13291650	2
13292268	-2
13296369	2
13297602	-2
13371534	3
13372150	-3
13388115	5
13388132	-5
13388167	5
13388197	-5
13388218	5
13388232	-5
13420481	2
13420500	-2
14229695	3
14229796	-3
14250361	3
14262446	-3
14282508	3
14321830	-3
14321896	3
14331880	-3
14341092	4
14341114	-4
14341126	4
14341213	-4
14341279	4
14341347	-4
14341714	4
14343130	-4
14344164	4
14344563	-4
14344976	4
14345096	-4
14345226	4
14347031	-4
14348464	4
14349079	-4
14349480	4
14350096	-4
14351327	4
14351745	-4
14351795	4
14352563	-4
14388810	3
14389214	1
14390247	-3
14390665	3
14390777	-1
14391280	1
14391392	-1
14395363	-3
14396396	3
14398846	-3
14404162	1
14404574	-1
14404596	3
14409693	-3
14587060	2
14587476	-2
14587493	2
14587660	-2
14714241	3
14714659	-3
14733091	3
14735545	-3
14735959	3
14737194	-3
14761359	3
14763195	-3
14763811	3
14764623	-3
14764790	3
14765239	-3
15101539	1
15105422	-1
15105507	1
15106037	-1
15106455	1
15110553	-1
15175893	5
15178540	-5
15279522	1
15279789	-1
15279835	1
15283005	-1
15314339	1
15320074	-1
15328255	1
15328669	-1
15346285	5
15350987	-5
15354273	5
15354689	-5
15356320	5
15356339	-5
15357134	5
15361040	-5
15361157	5
15361208	-5
15361240	5
15361355	-5
15388272	3
15388284	-3
15407322	5
15408553	-5
15409156	5
15412236	-5
15519136	5
15519554	-5
15522421	5
15522840	-5
15681151	2
15683201	-2
15683601	2
15684018	-2
15684420	2
15684833	-2
15695903	2
15696506	-2
15763267	6
15763320	-6
15766668	6
15766850	-6
15767001	6
15767100	-6
15768185	6
15768603	-6
15792965	6
15793587	-6
15805468	6
15805568	-6
15811002	6
15811401	-6
15811819	6
15819864	-6
15820835	6
15821234	-6
15821636	6
15822050	-6
15824102	6
15832503	-6
15840901	6
15841516	-6
15841919	6
15859535	-6
15879599	6
15884669	-6
15893733	6
15895985	-6
15916465	6
15920370	-6
15921585	6
15924051	-6
16017852	5
16018264	-5
16090766	2
16091583	-2
16214667	2
16215081	-2
16217136	2
16219381	-2
16226346	2
16226748	-2
16408214	2
16408632	-2
16436061	5
16436479	-5
16552396	3
16554245	-3
16555681	3
16556099	-3
16647851	3
16647863	-3
16708264	3
16708663	-3
16717684	3
16718081	-3
16720130	3
16727317	-3
16727451	3
16727501	-3
16728334	3
16737746	-3
16738164	3
16739599	-3
16810249	3
16811282	-3
16811680	3
16813333	-3
17389248	3
17389660	-3
17390060	3
17390478	-3
17390878	3
17391296	-3
17415463	3
17416895	-3
17591193	3
17593642	-3
17629691	3
17629741	-3
17639942	3
17640141	-3
18138020	4
18138636	-4
18138656	4
18138804	-4
18138855	4
18138902	-4
18139005	4
18139452	-4
18140888	4
18142119	-4
18144371	4
18145803	-4
18145822	4
18146623	-4
18150102	4
18151952	-4
18454858	5
18455277	-5
18455876	5
18456042	-5
18483124	5
18483542	-5
18502373	5
18558288	-5
18584292	5
18711476	-5
18903801	3
18904617	-3
18905634	3
18906051	-3
18906184	3
18906384	-3
19059649	5
19059665	-5
19071333	5
19071350	-5
19099382	5
19099447	-5
19106765	5
19106814	-5
19106866	5
19106947	-5
19107017	5
19107080	-5
19316682	5
19316700	-5
19322633	5
19322830	-5
19830142	5
19836496	5
19836509	-5
19836528	5
19836543	-5
19836557	5
19836578	-5
19836590	5
19836647	-5
19848578	5
19848675	-5
20309591	1
20309606	-1
20519918	2
20519936	-2
20705286	3
20705302	-3
20706916	1
20706972	-1
20707538	1
20709783	-1
20723502	1
20723920	-1
20822437	3
20822452	-3
20822468	3
20822487	-3
20834304	1
20835118	-1
20836755	1
20837166	-1
20837351	1
20837502	-1
20837788	1
20841468	-1
20841589	1
20842502	-1
20843737	1
20844133	-1
20849050	1
20850087	-1
20850687	1
20857453	-1
20858468	1
20862370	-1
21269931	1
21270546	-1
21270565	1
21277299	-1
21277713	1
21281397	-1
21287132	1
21287748	-1
21607063	3
21607079	-3
21607096	3
21607160	-3
21607179	3
21607195	-3
21625878	1
21627113	-1
21631629	1
21633262	-1
21633279	1
21637562	-1
21637980	1
21640829	-1
21641664	1
21643777	-1
21644114	1
21647395	-1
21647795	1
21648212	-1
22147328	1
22147339	-1
22160841	1
22161457	-1
22161875	1
22162474	-1
22267140	1
22268575	-1
22742904	5
22743937	-5
22826882	5
22831805	-5
22847967	5
22848383	-5
22963584	2
22963602	-2
23006086	1
23006499	-1
23025951	3
23026001	-3
23026018	3
23026032	-3
23030049	5
23030471	-5
23051550	1
23051763	-1
23052588	1
23052982	-1
23053818	1
23056066	-1
23092101	5
23092131	-5
23092149	5
23092231	-5
23217029	2
23219300	-2
23224819	2
23225852	-2
23290967	2
23292000	-2
23315746	2
23316164	-2
23316780	2
23317182	-2
23319647	2
23320049	-2
23746883	3
23747277	-3
24193139	2
24193376	-2
24194978	2
24195391	-2
24198673	2
24201944	-2
24205643	2
24207691	-2
24208093	2
24208509	-2
24215677	2
24217724	-2
24217757	2
24218541	-2
24283259	2
24283340	-2
24283394	2
24287562	-2
24287961	2
24291658	-2
24294725	2
24301277	-2
24301695	2
24302926	-2
24355344	4
24355757	-4
24375826	4
24377061	-4
24381775	4
24382174	-4
24384226	4
24386272	-4
24387092	4
24387905	-4
24387940	4
24387990	-4
24391392	4
24391404	-4
24391473	4
24391492	-4
24808172	2
24808373	-2
24813287	2
24814105	-2
24925937	2
24926355	-2
24933302	3
24933720	-3
25354384	5
25354802	-5
25883198	5
25886064	-5
26238329	2
26238341	-2
26238357	2
26238376	-2
26307563	5
26307958	-5
26308376	5
26308778	-5
26342578	2
26342980	-2
26346463	5
26346474	-5
26346509	5
26346525	-5
26363259	4
26363662	-4
26372678	2
26373094	-2
26517073	1
26611475	-1
26612308	1
26619878	-1
26635241	1
26636057	-1
27992682	3
27992700	-3
28369948	2
28370763	-2
28830144	3
28830160	-3
29230739	2
29230957	-2
29231006	2
29231024	-2
29260639	3
29261057	-3
29291972	3
29291989	-3
29292004	3
29292039	-3
29292055	3
29292074	-3
29292089	3
29292206	-3
29292256	3
29292322	-3
29305290	3
29305704	-3
29355057	3
29355475	-3
29355869	3
29356287	-3
29679670	5
29680088	-5
29680706	5
29681105	-5
29697491	2
29697503	-2
29700155	4
29700568	-4
29771638	4
29772038	-4
30707997	2
30708412	-2
30897245	3
30897663	-3
31026061	3
31027096	-3
31027495	3
31028924	-3
37085025	4
37085044	-4
37097327	3
37097726	-3
39624775	1
39624792	-1
41553543	4
41553559	-4
41950693	3
41951111	-3
41952123	3
41952145	-3
41953143	3
41953561	-3
41957462	3
41957473	-3
41959493	3
41959506	-3
41960527	3
41960541	-3
41962976	3
41963394	-3
41966680	3
41966691	-3
41973444	3
41973455	-3
41974662	3
41975062	-3
41975874	3
41976292	-3
41977728	3
41977739	-3
41979775	3
41979789	-3
41982643	3
41983056	-3
41986741	3
41986760	-3
41987143	3
41987556	-3
41988378	3
41988389	-3
41990428	3
41990440	-3
41992673	3
41993091	-3
41993695	3
41994108	-3
41994526	3
41994925	-3
41996156	3
41996574	-3
42126405	1
42126820	-1
42136038	5
42136289	-5
42137055	5
42137473	-5
42137889	5
42137938	-5
42140740	5
42140752	-5
42140786	5
42140933	-5
42140956	5
42141037	-5
42141070	5
42141355	-5
42141773	5
42141785	-5
42141804	5
42141955	-5
42143619	5
42144021	-5
42144033	5
42144137	-5
42144253	5
42144636	-5
42146289	5
42146684	-5
42147307	5
42147701	-5
42150573	5
42151184	-5
42151200	5
42151602	-5
42151618	5
42152020	-5
42153239	5
42153418	-5
42153552	5
42153750	-5
42153870	5
42154272	-5
42154284	5
42154435	-5
42158969	5
42159385	-5
42159454	5
42159838	-5
42160000	5
42160035	-5
42160119	5
42160406	-5
42162055	5
42162453	-5
42162870	5
42163270	-5
42182732	5
42182755	-5
42182803	5
42183133	-5
42184167	5
42184183	-5
42184201	5
42184217	-5
42184236	5
42184287	-5
42184299	5
42184399	-5
42184420	5
42184786	-5
42188269	5
42188671	-5
42189087	5
42189484	-5
42191736	5
42191817	-5
42191903	5
42191933	-5
42191968	5
42192119	-5
42192285	5
42192437	-5
42194202	5
42194621	-5
42195834	5
42195985	-5
42196001	5
42196082	-5
42196136	5
42196449	-5
42196872	5
42197267	-5
42198288	5
42198702	-5
42207734	3
42208338	-3
42211403	3
42212018	-3
42212436	3
42212568	-3
42213253	3
42214066	-3
42216515	3
42216701	-3
42216766	3
42217134	-3
42217149	3
42217266	-3
42217282	3
42217749	-3
42217769	3
42217850	-3
42219383	3
42220818	-3
42222466	3
42222868	-3
42223283	3
42223685	-3
42225733	3
42225752	-3
42225802	3
42226971	-3
42227168	3
42227585	-3
42229634	3
42229769	-3
42229835	3
42230249	-3
42230268	3
42230315	-3
42230349	3
42230651	-3
42230667	3
42230848	-3
42236380	3
42236797	-3
42237199	3
42238232	-3
42240686	3
42240837	-3
42240898	3
42241301	-3
42241313	3
42241715	-3
42241731	3
42241847	-3
42241866	3
42242052	-3
42243763	3
42243816	-3
42243832	3
42243851	-3
42243886	3
42244184	-3
42244199	3
42244587	-3
42244668	3
42245817	-3
42256045	3
42256463	-3
42256865	3
42257283	-3
42266703	3
42266882	-3
42266947	3
42267167	-3
42267179	3
42267515	-3
42267933	3
42267945	-3
42270186	3
42270599	-3
42270998	3
42271400	-3
42271815	3
42272229	-3
42277395	3
42277465	-3
42277500	3
42277964	-3
42278366	3
42278783	-3
42281029	3
42281652	-3
42282062	3
42282464	-3
42282882	3
42283248	-3
42286265	3
42286565	-3
42286578	3
42287182	-3
42287199	3
42287315	-3
42287352	3
42287363	-3
42289848	3
42289984	-3
42290033	3
42290451	-3
42290862	3
42291682	-3
42297630	3
42298033	-3
42298450	3
42299066	-3
42302530	3
42302728	-3
42302750	3
42302762	-3
42302783	3
42303145	-3
42303167	3
42303284	-3
42303296	3
42303768	-3
42303779	3
42303814	-3
42303830	3
42303849	-3
42307448	3
42307866	-3
42308265	3
42308678	-3
42313385	3
42314212	-3
42314232	3
42314615	-3
42325480	3
42325880	-3
42326296	3
42326914	-3
42329982	3
42330396	-3
42330414	3
42331213	-3
42332647	3
42332780	-3
42332814	3
42333264	-3
42333279	3
42333360	-3
42333381	3
42333662	-3
42333679	3
42334080	-3
42334096	3
42334684	-3
42343100	3
42343697	-3
42344110	3
42344730	-3
42349444	3
42349497	-3
42349513	3
42350663	-3
42350697	3
42351278	-3
42351343	3
42351361	-3
42361729	3
42362133	-3
42362144	3
42362365	-3
42362377	3
42362748	-3
42363359	3
42363781	-3
42364179	3
42364594	-3
42367461	3
42368077	-3
42368479	3
42369296	-3
42371560	3
42371961	-3
42371978	3
42372031	-3
42372043	3
42372059	-3
42372093	3
42372779	-3
42373197	3
42374009	-3
42380362	3
42381597	-3
42383645	3
42385080	-3
42388962	3
42389062	-3
42389113	3
42389775	-3
42389794	3
42389961	-3
42389995	3
42390595	-3
42404728	3
42406260	-3
42406380	3
42407394	-3
42412530	3
42412595	-3
42412646	3
42412924	-3
42412943	3
42413129	-3
42413145	3
42413542	-3
42413563	3
42413663	-3
42413674	3
42413690	-3
42421527	3
42421929	-3
42422096	3
42422107	-3
42422126	3
42422544	-3
42422725	3
42422862	-3
42422873	3
42423164	-3
42435244	3
42435461	-3
42435477	3
42435660	-3
42435693	3
42436278	-3
42438110	3
42438527	-3
42438542	3
42438728	-3
42438744	3
42439146	-3
42439544	3
42439959	-3
42444265	3
42444312	-3
42444328	3
42444346	-3
42444378	3
42444676	-3
42444695	3
42444897	-3
42444911	3
42445276	-3
42450813	3
42452443	-3
42454911	3
42455329	-3
42455341	3
42455728	-3
42455746	3
42456146	-3
43297674	2
43299305	-2
44327828	4
44327847	-4
44327877	4
44327898	-4
44327932	4
44327944	-4
44330695	2
44330714	-2
44331295	2
44331713	-2
44332530	2
44333547	-2
44334998	2
44335010	-2
44336013	2
44336031	-2
44336833	2
44336844	-2
44342561	2
44342579	-2
44342979	2
44342998	-2
44343594	2
44343996	-2
44344414	2
44344430	-2
44353017	2
44353416	-2
44353451	2
44353462	-2
44384146	1
44384550	-1
45091754	5
45092148	-5
46193396	1
46193814	-1
46887687	5
46887716	-5
46887736	5
46887768	-5
46887803	5
46887819	-5
46887850	5
46887886	-5
46887950	5
46887970	-5
46888051	5
46888100	-5
46895268	5
46895686	-5
46900202	5
46900219	-5
46902017	5
46902435	-5
47036999	1
47037398	-1
47038214	1
47038231	-1
47040483	1
47040498	-1
47055830	1
47055846	-1
47079997	4
47080014	-4
47081232	4
47081632	-4
47082046	4
47082063	-4
47082463	4
47082863	-4
47090451	4
47090850	-4
47092698	5
47092733	-5
47092782	5
47092850	-5
47092882	5
47092964	-5
47092982	5
47093047	-5
47094549	5
47094564	-5
47099464	6
47099479	-6
47099630	6
47099645	-6
47100896	5
47101296	-5
47112362	5
47112376	-5
47125470	5
47125483	-5
47151471	5
47151889	-5
47204114	5
47204129	-5
47235646	5
47236060	-5
47260437	5
47260850	-5
47291154	4
47291557	-4
47291972	4
47292390	-4
47296074	4
47296087	-4
47298328	4
47298346	-4
47302211	4
47302227	-4
47303377	4
47303396	-4
47305079	4
47305095	-4
47308980	4
47308996	-4
47310196	4
47310212	-4
47311629	4
47312045	-4
47316960	4
47317362	-4
48803185	1
48803201	-1
48803636	1
48803653	-1
48804868	1
48805267	-1
48867731	1
48867746	-1
48869184	1
48870197	-1
49519838	2
49519857	-2
49524137	2
49524540	-2
49525390	2
49525987	-2
49528839	2
49529257	-2
49530489	2
49530887	-2
49532123	2
49532306	-2
49532357	2
49532740	-2
49534990	2
49535003	-2
49535024	2
49535403	-2
49535422	2
49535607	-2
49535705	2
49535904	-2
49538271	2
49538440	-2
49538456	2
49538471	-2
49538556	2
49538754	-2
49538823	2
49538839	-2
49538856	2
49539706	-2
49541138	2
49541273	-2
49541289	2
49542155	-2
49543587	2
49544005	-2
49544020	2
49544611	-2
49546259	2
49546660	-2
49546676	2
49546827	-2
49546841	2
49547275	-2
49547291	2
49547426	-2
49547442	2
49547543	-2
49548908	2
49549543	-2
49550344	2
49550759	-2
49551176	2
49551575	-2
49553426	2
49553595	-2
49553661	2
49553676	-2
49553711	2
49554241	-2
49554259	2
49554277	-2
49555893	2
49556695	-2
49558344	2
49558460	-2
49558491	2
49559158	-2
49559175	2
49559709	-2
49562027	2
49562426	-2
49562443	2
49562841	-2
49562860	2
49563260	-2
49565507	2
49566326	-2
49566342	2
49566524	-2
49569593	2
49570007	-2
49570023	2
49570659	-2
49572259	2
49572410	-2
49572426	2
49573294	-2
49575962	2
49576594	-2
49581477	2
49581593	-2
49584960	2
49585575	-2
49585661	2
49585692	-2
49585713	2
49585742	-2
49585762	2
49585859	-2
49588046	2
49588443	-2
49588594	2
49589063	-2
49590893	2
49591306	-2
49593776	2
49594392	-2
49594410	2
49594999	-2
49600541	2
49600738	-2
49600754	2
49601135	-2
49601963	2
49602379	-2
49602398	2
49602781	-2
49602797	2
49603199	-2
49604415	2
49605032	-2
49607278	2
49607895	-2
49610564	2
49610748	-2
49610765	2
49612616	-2
49615064	2
49615482	-2
49615882	2
49616299	-2
49617732	2
49618349	-2
49619783	2
49620198	-2
49620215	2
49620249	-2
49620265	2
49620598	-2
49622032	2
49622100	-2
49622116	2
49622131	-2
49626748	2
49627365	-2
49627765	2
49628183	-2
49629815	2
49630432	-2
49631049	2
49632065	-2
49634116	2
49634315	-2
49634365	2
49634382	-2
49634499	2
49634931	-2
49635748	2
49636164	-2
49636182	2
49636779	-2
49636815	2
49636964	-2
49639032	2
49639433	-2
49639449	2
49639632	-2
49639648	2
49639666	-2
49639716	2
49640049	-2
49641898	2
49642514	-2
49644151	2
49644553	-2
49644970	2
49645384	-2
49646604	2
49646786	-2
49646903	2
49648470	-2
49650084	2
49650501	-2
49650919	2
49651317	-2
49654800	2
49655216	-2
49656650	2
49657054	-2
49657068	2
49657467	-2
49657486	2
49657569	-2
49657583	2
49657602	-2
49659917	2
49660017	-2
49660033	2
49660536	-2
49660551	2
49661975	-2
49667092	2
49668327	-2
49670161	2
49670575	-2
49670976	2
49671592	-2
49676310	3
49676443	-3
49678291	3
49678574	-3
49679375	3
49679994	-3
49681025	3
49681058	-3
49681093	3
49681108	-3
49681144	3
49681290	-3
49681325	3
49681541	-3
49681576	3
49681592	-3
49681659	3
49681776	-3
49681808	3
49681824	-3
49681859	3
49682243	-3
49683673	3
49683810	-3
49683859	3
49684058	-3
49684091	3
49684309	-3
49684324	3
49684357	-3
49684374	3
49684908	-3
49687974	3
49688043	-3
49688059	3
49688110	-3
49688124	3
49688241	-3
49688257	3
49688291	-3
49688310	3
49689407	-3
49689575	3
49689777	-3
49689791	3
49689807	-3
49689859	3
49690026	-3
49690040	3
49690061	-3
49692691	3
49693009	-3
49693024	3
49693924	-3
49697393	3
49697810	-3
49698225	3
49698840	-3
49701909	3
49702073	-3
49702107	3
49702525	-3
49702543	3
49702927	-3
49702943	3
49703074	-3
49703110	3
49703544	-3
49703558	3
49703744	-3
49703758	3
49703790	-3
49706008	3
49706077	-3
49706091	3
49706108	-3
49706143	3
49706623	-3
49706642	3
49706809	-3
49706823	3
49707227	-3
49707240	3
49707357	-3
49707390	3
49707408	-3
49710108	3
49710257	-3
49710276	3
49710374	-3
49710392	3
49710709	-3
49710724	3
49711123	-3
49713190	3
49713474	-3
49713491	3
49713793	-3
49713809	3
49714193	-3
49715841	3
49716658	-3
49717675	3
49717807	-3
49723009	3
49723409	-3
49723825	3
49724226	-3
49725260	3
49725875	-3
49726276	3
49726692	-3
49727093	3
49727509	-3
49737540	3
49737958	-3
49738360	3
49738773	-3
49740624	3
49741023	-3
49741441	3
49741843	-3
49743275	3
49743693	-3
49743707	3
49745125	-3
49745140	3
49745341	-3
49745356	3
49745739	-3
49749007	3
49749424	-3
49749842	3
49750659	-3
49752490	3
49752640	-3
49752674	3
49753108	-3
49753526	3
49754339	-3
49756591	3
49757009	-3
49757408	3
49757826	-3
49760689	3
49761091	-3
49761509	3
49761909	-3
49763356	3
49763759	-3
49763773	3
49764172	-3
49764191	3
49765392	-3
49767660	3
49768673	-3
49768707	3
49769490	-3
49769508	3
49770111	-3
49770125	3
49770523	-3
49773793	3
49774606	-3
49774626	3
49774791	-3
49774842	3
49774859	-3
49774958	3
49775155	-3
49775441	3
49775592	-3
49777891	3
49778075	-3
49778110	3
49778139	-3
49778158	3
49778376	-3
49778390	3
49779323	-3
49779741	3
49780143	-3
49782806	3
49782957	-3
49782992	3
49784659	-3
49788541	3
49788959	-3
49789357	3
49789976	-3
49790393	3
49790790	-3
49792842	3
49793256	-3
49793657	3
49794272	-3
49795709	3
49795859	-3
49795890	3
49796942	-3
49798173	3
49798659	-3
49798676	3
49798990	-3
49799009	3
49799408	-3
49799426	3
49799489	-3
49799508	3
49799807	-3
49799826	3
49799841	-3
49806556	3
49807175	-3
49807593	3
49808610	-3
49811076	3
49811476	-3
49811489	3
49812089	-3
49812156	3
49812709	-3
49816191	3
49817624	-3
49817639	3
49818025	-3
49818441	3
49818855	-3
49818875	3
49818889	-3
49818908	3
49819674	-3
49822542	3
49822658	-3
49822674	3
49823359	-3
49823373	3
49823974	-3
49823990	3
49824390	-3
50136921	1
50137122	-1
51477606	2
51477989	-2
51478408	2
51478988	-2
51479107	2
51479174	-2
51479191	2
51479239	-2
51484340	2
51484758	-2
51485158	2
51485573	-2
51485973	2
51486391	-2
51487424	2
51487823	-2
51488240	2
51488641	-2
51489258	2
51489674	-2
51491105	2
51491208	-2
51491508	2
51491921	-2
51492323	2
51492421	-2
51494587	2
51494991	-2
51495005	2
51495191	-2
51495307	2
51495323	-2
51495338	2
51495488	-2
51496623	2
51496804	-2
51496821	2
51496840	-2
51496957	2
51496971	-2
51496990	2
51497006	-2
51497024	2
51497455	-2
51498475	2
51498892	-2
51499289	2
51499707	-2
51500723	2
51501139	-2
51501957	2
51502372	-2
51502772	2
51502788	-2
51505238	2
51505442	-2
51505592	2
51505725	-2
51505740	2
51505755	-2
51506465	2
51506865	-2
51506932	2
51507283	-2
51507298	2
51507316	-2
51508716	2
51509132	-2
51509149	2
51509165	-2
51509181	2
51509533	-2
51509549	2
51509582	-2
51509598	2
51509698	-2
51509715	2
51509916	-2
51511582	2
51511765	-2
51511816	2
51511849	-2
51511915	2
51511948	-2
51515682	2
51515932	-2
51515949	2
51515966	-2
51516049	2
51516499	-2
51516899	2
51517316	-2
51520380	2
51520800	-2
51521213	2
51521332	-2
51524484	2
51525515	-2
51528167	2
51528784	-2
51529200	2
51529598	-2
51532068	2
51532468	-2
51532482	2
51532683	-2
51535968	2
51536152	-2
51536166	2
51536218	-2
51536232	2
51536568	-2
51536581	2
51536601	-2
51536665	2
51536684	-2
51536718	2
51536751	-2
51536765	2
51537183	-2
51538198	2
51538383	-2
51538435	2
51538448	-2
51538499	2
51538681	-2
51538801	2
51539231	-2
51539348	2
51539382	-2
51539399	2
51539451	-2
51539466	2
51539615	-2
51539633	2
51539667	-2
51539715	2
51539749	-2
51720479	5
51720500	-5
51722532	5
51722545	-5
51725200	5
51725396	-5
51745880	5
51745899	-5
51907062	4
51907178	-4
51921396	1
51921412	-1
51921462	1
51921477	-1
51926729	1
51926744	-1
51932661	1
51932676	-1
52031379	5
52031792	-5
52034444	5
52034862	-5
52035477	5
52035495	-5
52040195	5
52040593	-5
52047361	5
52047377	-5
52055743	5
52056161	-5
52062710	5
52063127	-5
52084633	4
52084647	-4
52085047	4
52085064	-4
52089547	4
52089564	-4
52090565	4
52090981	-4
52091381	4
52092065	-4
52094465	4
52094865	-4
52096916	4
52096932	-4
52098766	4
52098781	-4
52099783	4
52099800	-4
52100817	4
52100830	-4
52103482	2
52103499	-2
52106130	2
52106548	-2
52110031	1
52110448	-1
52122515	1
52122929	-1
52127631	1
52127647	-1
52130498	1
52130914	-1
52492193	4
52492209	-4
53870125	4
53870543	-4
53870942	4
53871360	-4
53874228	4
53874240	-4
53874258	4
53874293	-4
53874425	4
53874607	-4
53875860	4
53875872	-4
53875992	4
53876191	-4
53876341	4
53876457	-4
53880160	4
53880295	-4
53880376	4
53880561	-4
53880694	4
53880910	-4
53882610	4
53882691	-4
53882726	4
53882738	-4
53882761	4
53883023	-4
53883040	4
53883058	-4
53883075	4
53883093	-4
53883123	4
53883277	-4
53883291	4
53883643	-4
53887741	4
53887908	-4
53888027	4
53888345	-4
53888758	4
53889177	-4
53892659	4
53892791	-4
53892973	4
53893106	-4
53893128	4
53893140	-4
53893240	4
53893395	-4
53893541	4
53893658	-4
53893790	4
53893894	-4
53896542	4
53896642	-4
53896742	4
53897157	-4
53897273	4
53897292	-4
53897408	4
53897458	-4
53897475	4
53897691	-4
53899409	4
53899625	-4
53899711	4
53900027	-4
53900640	4
53901042	-4
53904943	4
53905360	-4
53906777	4
53906909	-4
53907079	4
53907392	-4
53910074	4
53910179	-4
53910271	4
53910676	-4
53911094	4
53911107	-4
53912726	4
53912795	-4
53912977	4
53913161	-4
53913341	4
53913544	-4
53917028	4
53917443	-4
53917846	4
53918259	-4
53921324	4
53921742	-4
53922141	4
53922559	-4
53923993	4
53924122	-4
53924292	4
53924459	-4
53924474	4
53924492	-4
53924575	4
53925211	-4
53928708	4
53928824	-4
53928975	4
53929327	-4
53929374	4
53929555	-4
53929671	4
53929822	-4
53932392	4
53932574	-4
53932590	4
53932609	-4
53932725	4
53932992	-4
53933061	4
53933259	-4
53936475	4
53936691	-4
53936723	4
53936893	-4
53936990	4
53937311	-4
53942825	4
53943440	-4
53943858	4
53944257	-4
53945894	4
53946057	-4
53946072	4
53946092	-4
53946173	4
53946510	-4
53946928	4
53947341	-4
53949377	4
53949473	-4
53949610	4
53949791	-4
53949907	4
53950058	-4
53950406	4
53950422	-4
53953074	4
53953139	-4
53953290	4
53953476	-4
53953889	4
53953906	-4
53956757	4
53957175	-4
53957256	4
53957291	-4
53957307	4
53957356	-4
53958807	4
53959206	-4
53966989	4
53967407	-4
53967825	4
53968223	-4
53968641	4
53969242	-4
53971292	4
53971703	-4
53971842	4
53971993	-4
53976625	4
53976726	-4
53976742	4
53976753	-4
53976842	4
53977241	-4
53977259	4
53977659	-4
53977672	4
53977787	-4
53980104	4
53980325	-4
53980341	4
53980724	-4
53986257	4
53986656	-4
53989125	4
53989524	-4
53993622	4
53993692	-4
53994024	4
53994040	-4
53994855	4
53994876	-4
53997628	4
53997821	-4
53997990	4
53998324	-4
53998661	4
53998807	-4
54003242	4
54003440	-4
54003456	4
54003474	-4
54003525	4
54003858	-4
54004275	4
54004691	-4
54004706	4
54004756	-4
54005093	4
54005506	-4
54008158	4
54008358	-4
54008474	4
54008773	-4
54008941	4
54009091	-4
54009391	4
54009806	-4
54011857	4
54012258	-4
54012360	4
54012542	-4
54012642	4
54012674	-4
54013076	4
54013494	-4
54015537	4
54015657	-4
54015827	4
54015990	-4
54016007	4
54016025	-4
54016122	4
54016273	-4
54016776	4
54016791	-4
54019024	4
54019426	-4
54021892	4
54021927	-4
54021938	4
54021957	-4
54022073	4
54022271	-4
54025777	4
54025904	-4
54026192	4
54026257	-4
54026287	4
54026304	-4
54026489	4
54026524	-4
54029678	4
54029840	-4
54029926	4
54030274	-4
54031307	4
54031728	-4
54031942	4
54031970	-4
54031992	4
54032039	-4
54032058	4
54032104	-4
54033978	4
54034094	-4
54034240	4
54034356	-4
54034988	4
54035006	-4
54035071	4
54035092	-4
54035610	4
54035777	-4
54038471	4
54038606	-4
54038656	4
54039089	-4
54039105	4
54039504	-4
54042371	4
54042773	-4
54045022	4
54045042	-4
