%%%DateTime	ms since program start
2016-08-16T19:31:50.149-07:00	13046
14045	-1
14047	-2
14067	-3
14084	-4
14100	-5
14117	-6
189426	1
189926	-1
191559	2
191576	-2
191709	2
191726	-2
191742	2
191759	-2
193793	3
193826	-3
194043	3
194093	-3
198060	4
198111	-4
200757	5
200777	-5
203794	6
203807	-6
204025	6
204059	-6
3265508	2
3265524	-2
3265541	2
3265572	-2
3274274	5
3274292	-5
3274307	5
3274341	-5
3274374	5
3274440	-5
3274473	5
3274557	-5
3274574	5
3274657	-5
3316922	5
3316938	-5
3316972	5
3317005	-5
3317022	5
3317040	-5
3317055	5
3317121	-5
3317139	5
3403653	-5
3403673	5
3443070	-5
3443090	5
3443107	-5
3443123	5
3464872	-5
3464887	5
3504556	-5
3504569	5
3504788	-5
3504804	5
3523102	-5
3523120	5
4209987	4
4210090	-4
5231066	3
5231099	-3
5231114	3
5231215	-3
5231232	3
5231267	-3
5250169	4
5250205	-4
5250222	4
5250238	-4
5250255	4
5250270	-4
5250289	4
5250322	-4
5304305	2
5304319	-2
5304356	2
5304369	-2
5304404	2
5304437	-2
5304451	2
5304468	-2
5306306	2
5340937	-2
5340952	2
5341002	-2
5341020	2
5341135	-2
5345486	2
5345586	-2
5361007	3
5361024	2
5361041	-3
5361073	3
5361089	-3
5361173	3
5361189	-3
5428857	-5
5428872	5
5435808	-2
5435825	2
5450708	3
5450755	-3
5450776	3
5450791	-3
5450808	3
5450874	-3
5450891	3
5450908	-3
5456742	-2
5456757	2
5476856	-2
5476874	2
5476889	-2
5476905	2
5476990	-2
5477006	2
5477090	-2
5477107	2
5477222	-2
5487668	3
5487686	-3
5494603	2
5494718	-2
5494735	2
5494834	-2
5494852	2
5494937	-2
5494953	2
5496771	-2
5496785	2
5502685	-5
5502700	5
5505734	4
5505752	-4
5505770	4
5505834	-4
5505870	4
5505884	-4
5505901	4
5505970	-4
5505984	4
5543847	-5
5543864	5
5551632	-2
5551648	2
5578298	-2
5578316	2
5654757	6
5654825	-6
5681158	6
5681172	-6
5681188	6
5681206	-6
5681258	6
5681273	-6
5681291	6
5681305	-6
5681358	6
5681375	-6
5681388	6
5681408	-6
5735605	3
5735638	-3
5816370	-5
5816389	5
5816506	-5
5816522	5
5827654	-5
5827671	5
5974926	-5
5974942	5
6023874	-4
6356505	-5
6356521	5
6377538	-5
6377556	5
6398402	-5
6398419	5
6409020	-5
6409038	5
6427770	-5
6427789	5
6429554	3
6429586	-3
6429622	3
6453936	1
6453952	-1
6652233	-3
6991079	-2
6991096	2
7442470	4
7442688	-4
7718037	4
7718051	-4
7718085	4
7718103	-4
7734685	3
7734700	-3
7734718	3
7734734	-3
7738019	3
7738051	-3
7738067	3
7738085	-3
7741419	3
7741435	-3
7755333	3
7755353	-3
7755402	3
7755436	-3
7755451	3
7755469	-3
7776250	3
7776266	-3
7776284	3
7776300	-3
7776317	3
7776366	-3
7776384	3
7776402	-3
7776418	3
7776484	-3
7776499	3
7776616	-3
7776634	3
7776733	-3
7776750	3
7776832	-3
7785252	3
7788749	-3
7788783	3
7788866	-3
7788883	3
7788967	-3
7788999	3
7789034	-3
7789050	3
7789066	-3
7793901	-5
7793917	5
7795035	3
7865950	-5
7865966	5
7882415	4
7882432	-4
7882449	4
7882464	-4
7908048	-5
7908066	5
7968901	-5
7968916	5
7969000	-5
7969016	5
8170897	-2
8170914	2
8216678	-2
8216694	2
8225929	-2
8225945	2
8716204	4
8716436	-4
8716453	4
8716471	-4
8810499	-2
8810516	2
8871935	4
8871949	-4
8895900	4
8895984	-4
8896050	4
8896099	-4
8896165	4
8896217	-4
8896283	4
8896299	-4
8896317	4
8896333	-4
8898384	4
8898416	-4
8898450	4
8898518	-4
8898567	4
8898618	-4
8898682	4
8898751	-4
8898883	4
8912252	-4
8977695	4
8977730	-4
8977761	4
8977795	-4
8977814	4
8977828	-4
8977844	4
8977912	-4
8977928	4
8977945	-4
8977961	4
8978028	-4
8978045	4
9019360	-4
9019397	4
9019477	-4
9019495	4
9046511	-4
9046531	4
9046613	-4
9046632	4
9054097	-2
9054114	2
9071548	-2
9071561	2
9089562	-5
9089578	5
9113045	-4
9113063	4
9158962	-5
9170180	5
9170194	-5
9170280	5
9170347	-5
9170362	5
9179897	-5
9179913	5
9204294	-5
9204311	5
9204627	-5
9204644	5
9382851	-5
9382865	5
9796043	-5
9796062	5
9796160	-5
9796179	5
9908184	-4
10674208	-5
10674224	5
11008355	6
11008373	-6
11008472	6
11008488	-6
11008572	6
11008588	-6
11008606	6
11008621	-6
11023658	-2
11023689	2
11023770	-2
11023804	2
11040738	-2
11040754	2
11040854	-2
11067172	6
11067205	-6
11067289	6
11067322	-6
11067338	6
11067355	-6
11082907	2
11151702	6
11151756	-6
11151769	6
11151802	-6
11151822	6
11151937	-6
11151955	6
11497346	-3
11933296	-6
12003390	3
12003509	-3
12003805	3
12021643	-3
12021674	3
12021756	-3
12021777	3
12021876	-3
12021892	3
12126492	-5
12126506	5
12147756	4
12147823	-4
12147858	4
12147873	-4
12157123	4
12157190	-4
12157273	4
12157306	-4
12186207	-5
12186224	5
12208941	4
12208958	-4
12208975	4
12208991	-4
12249441	4
12249457	-4
12249556	4
12249575	-4
12249591	4
12249608	-4
12249623	4
12249656	-4
12249673	4
12249725	-4
12249756	4
12249807	-4
12249873	4
12250124	-4
12269208	-5
12269221	5
12282723	4
12282771	-4
12282791	4
12581537	-5
12581551	5
12665185	-5
12665202	5
12988554	6
12988571	-6
13147995	-4
13270611	6
13270628	-6
13270661	6
13270678	-6
13538804	6
13538822	-6
13538854	6
13538906	-6
13538973	6
13539007	-6
13539023	6
13539039	-6
13539073	6
13539119	-6
13539155	6
13539172	-6
13545056	6
13545136	-6
13545154	6
13545170	-6
13545186	6
13545270	-6
13545287	6
13545486	-6
13545505	6
13567605	-6
13567620	6
13584322	-6
13584337	6
13584355	-6
13584370	6
13619921	-6
13619938	6
13620154	-6
13620171	6
13640705	-6
13640721	6
13671136	-6
13671153	6
13686821	-6
13686837	6
13686938	-6
13686954	6
13687054	-6
13687071	6
13698655	-6
13698670	6
13698968	-6
13698984	6
13707236	-6
13707252	6
13707354	-6
13707371	6
13707468	-6
13707486	6
13734770	-6
13734786	6
13773002	-6
13773018	6
13773101	-6
13773117	6
13785169	-6
13785185	6
14041165	4
14041181	-4
14041214	4
14041265	-4
14041284	4
14041297	-4
14041331	4
14041381	-4
14041413	4
14041431	-4
14041464	4
14041481	-4
14041497	4
14041517	-4
14041580	4
14118749	-4
14163535	-3
14163548	3
14336828	-5
14336848	5
14351115	4
14368794	-6
14617529	6
14617562	-6
14617629	6
14617679	-6
14617732	6
14617796	-6
14661862	6
14661878	-6
14661895	6
14661912	-6
14661978	6
14661996	-6
14662014	6
14662029	-6
14662047	6
14662280	-6
14662298	6
14752297	-2
14752313	2
14831443	-4
14876481	4
14876492	-4
14895013	1
14895031	-1
14895327	1
14895343	-1
14916380	-2
14916396	2
14928658	-3
14928675	3
14954510	-5
14967846	5
15059326	-3
15085797	3
15096890	4
15096948	-4
15096957	4
15096982	-4
15096992	4
15097094	-4
15097123	4
15097307	-4
15097324	4
15097446	-4
15097495	4
15097626	-4
15097644	4
15097779	-4
15097795	4
15111141	-2
15111161	2
15155091	-4
15155112	-6
15155156	4
15309479	-3
15309490	3
15375408	-3
15375422	3
15442337	6
15442356	-6
15442504	6
15442556	-6
15442572	6
15442622	-6
15442657	6
15442756	-6
15472439	6
15472456	-6
15705091	6
15705191	-6
15705236	6
15705251	-6
15705418	6
15705440	-6
15731138	-3
15731150	3
15757651	6
15757671	-6
15757707	6
15757722	-6
15757752	6
15757851	-6
15757888	6
15758004	-6
15758035	6
15758134	-6
15758173	6
15758285	-6
15758300	6
15758319	-6
15758356	6
15758484	-6
15758501	6
15758522	-6
15758552	6
15758634	-6
15758652	6
15758668	-6
15767052	6
15767069	-6
15767119	6
15767152	-6
15767174	6
15767236	-6
15767252	6
15767269	-6
15767353	6
15767369	-6
15767385	6
15767402	-6
15767485	6
15767524	-6
15767605	6
15767655	-6
15775868	6
15775885	-6
15775902	6
15775918	-6
15799037	6
15799053	-6
15808669	6
15808687	-6
15809024	6
15809034	-6
15809141	6
15809151	-6
15846556	6
15846586	-6
15846655	6
15846757	-6
15846789	6
15846934	-6
15846967	6
15847106	-6
15847152	6
15847272	-6
15847288	6
15847305	-6
15847321	6
15847438	-6
15847454	6
15847470	-6
15847488	6
15847587	-6
15847600	6
15847623	-6
15847655	6
15847669	-6
15847689	6
15847739	-6
15847753	6
15847766	-6
15865466	6
15865499	-6
15865523	6
15865533	-6
15873866	6
15873887	-6
15873900	6
15873920	-6
15907632	6
15907656	-6
15907689	6
15907916	-6
15907949	6
15908057	-6
15908066	6
15908082	-6
15908105	6
15908182	-6
15918099	6
15918116	-6
15923470	-5
15923483	5
16130519	6
16179916	-5
16224914	5
16304134	-5
16304166	5
16304216	-5
16304231	5
16304246	-5
16304269	5
16304302	-5
16304315	5
16304334	-5
16306017	5
16339362	-6
16454518	6
16511579	-6
16511593	6
16511610	-6
16511628	6
16511698	-6
16695176	-4
16695195	4
16731043	-4
16731064	4
16786563	-4
16786575	4
16786608	-4
16786625	4
16786658	-4
16786675	4
16786696	-4
16786708	4
16786725	-4
16791014	-5
16791024	5
16797093	-5
16797109	5
16802862	4
16821425	-5
16821493	5
16838826	-5
16838840	6
16838864	5
16898631	-4
16898641	4
16917193	-5
16917243	5
16962557	-2
16962574	2
17065088	-6
17084474	-2
17084491	2
17686070	-2
17686085	2
17715833	-3
17758235	-2
17758253	2
17766565	-5
17766615	5
17766632	-5
17766650	5
17766699	-5
17766717	5
17766732	-5
17769266	5
17769349	-5
17769381	5
17769466	-5
17769532	5
17769550	-5
17769600	5
17769615	-5
17793834	5
17793919	-5
17793936	5
17794034	-5
17794053	5
17794069	-5
17794085	5
17794114	-5
17794137	5
17794151	-5
17823331	5
17823365	-5
17823418	5
17823448	-5
17823470	5
17823481	-5
17823497	5
17823615	-5
17823637	5
17827982	-2
17827998	2
17837365	6
17837470	-6
17837498	6
17837601	-6
17837615	6
17837637	-6
17837649	6
17837731	-6
17837749	6
17837770	-6
18159027	6
18159119	-6
18159144	6
18159228	-6
18159261	6
18159349	-6
18159361	6
18159453	-6
18378897	6
18381727	-6
18387626	6
18387731	-6
18593944	-5
18593961	5
18626829	-5
18626843	5
18656527	-2
18656543	6
18656560	2
18848654	3
18848678	-3
18848827	3
18848838	-3
18849011	3
18849021	-3
18849038	3
19015321	-6
19341916	-3
19497685	3
19497715	-3
19519717	3
19519835	-3
19519849	3
19519965	-3
19519982	3
19552997	-5
19553019	5
19635150	-2
19635167	2
20055001	-5
20055010	5
20061995	-3
20062010	3
20098949	-3
20098961	3
20222042	-5
20222212	5
20365023	-5
20365045	5
20423395	6
20423405	-6
20423526	6
20423541	-6
20423556	6
20423577	-6
20423589	6
20423655	-6
20423692	6
20423796	-6
20423809	6
20423905	-6
20423922	6
20423944	-6
20499174	6
20499274	-6
20499307	6
20499407	-6
20499440	6
20499540	-6
20500958	6
20500991	-6
20501107	6
20501139	-6
20501158	6
20501175	-6
20501291	6
20501308	-6
20543277	6
20543389	-6
20543406	6
20543526	-6
20543578	6
20543675	-6
20543689	6
20543707	-6
20543722	6
20543789	-6
20543804	6
20554940	-6
20554960	6
20555011	-6
20555046	6
20555141	-6
20555172	6
20555275	-6
20561104	6
20561142	-6
20561176	6
20561192	-6
20561209	6
20561225	-6
20561259	6
20561345	-6
20561371	6
20561475	-6
20561489	6
20561511	-6
20561525	6
20561607	-6
20561627	6
20561641	-6
20575826	-5
20575841	5
20580460	6
20580475	-6
20580554	6
20580575	-6
20580610	6
20580693	-6
20580709	6
20580724	-6
20580743	6
20580754	-6
20580838	6
20580860	-6
20944055	-4
21177149	6
21177168	-3
21355580	-6
21355647	6
21355664	-6
21355681	6
21355697	-6
21355713	6
21355730	-6
21355747	6
21355847	-6
21378767	3
21378784	-3
21378950	3
21378967	-3
21378984	3
21379001	-3
21379115	3
21379148	-3
21379249	3
21379265	-3
21379282	3
21379300	-3
21412113	6
21412145	-6
21412203	6
21412215	-6
21412254	6
21412266	-6
21412301	6
21412363	-6
21412380	6
21412400	-6
21412465	6
21412499	-6
21412512	6
21412537	-6
21412549	6
21412563	-6
21412618	6
21412649	-6
21412667	6
21412680	-6
21412696	6
21412716	-6
21412821	6
21412832	-6
21442667	4
21442849	-4
21442913	4
21442931	-4
21512286	3
21512417	-3
21512433	3
21512548	-3
21512563	3
21512661	-3
21512685	3
21588431	6
21588462	-6
21588481	6
21588497	-6
21588514	6
21588581	-6
21588597	6
21636828	-6
21637012	6
21637028	-6
21644579	4
21644648	-4
21644699	4
21644812	-4
21644846	4
21644996	-4
21645016	4
21651398	-3
21651415	3
21656681	-3
21656697	3
21656731	-3
21686995	3
21757479	6
21757546	-6
21757612	6
21757665	-6
21757696	6
21757712	-6
21757745	6
21757765	-6
21757812	6
21757849	-6
21757895	6
21757912	-6
21757945	6
21757979	-6
21757995	6
21758012	-6
21825947	-4
21825960	4
21825977	-4
21825997	4
21826065	-4
21869796	4
21869844	-4
21869862	4
21869878	-4
21870147	4
21870161	-4
21870247	4
21870528	-4
21951895	-5
21951908	5
21959298	4
21959309	-4
21959344	4
21959463	-4
21959474	4
21959491	-4
21959508	4
22025043	-5
22025077	5
22025160	-5
22036178	-4
22036194	4
22041480	5
22053481	6
22053540	-6
22083245	6
22083292	-6
22096329	6
22096359	-6
22096376	6
22096492	-6
22096511	6
22131941	-6
22131959	6
22138574	-6
22138593	6
22526303	-6
22526318	6
22541918	-6
22541940	6
22542024	-6
22542039	6
22558652	-6
22558672	6
22558836	-6
22558852	6
22561987	-5
22562020	5
22573720	-6
22573739	6
22601755	-6
22601768	6
22601791	-6
22601805	6
22611304	-6
22611323	6
22620021	-6
22620034	6
22628888	-6
22628901	6
22629008	-6
22629021	6
22637559	-6
22637567	6
22637657	-6
22637667	6
22663851	-6
22663919	6
22663968	-6
22663985	6
22664218	-6
22664240	6
22672753	-6
22672770	6
22672870	-6
22672884	6
22672986	-6
22673002	6
22735068	-6
22735088	6
22774088	-3
22887050	3
22887203	-3
22887217	3
23829793	-5
23829810	5
24049274	-4
24049306	4
24049408	-4
24049421	4
24049508	-4
24049524	4
24094107	-6
24094123	6
24191821	-5
24191839	5
24320871	-6
24320904	6
24320922	-6
24321006	6
24321037	-6
24589283	6
24589304	-6
24589350	6
24589365	-6
24589388	6
24589398	-6
24589415	6
24589565	-6
24589815	6
24589833	-6
24680472	6
24680498	-6
24680531	6
24680565	-6
24680614	6
24680632	-6
24680696	6
24680732	-6
24680781	6
24680798	-6
24680815	6
24680838	-6
24680870	6
24681014	-6
24681048	6
24681348	-6
24681397	6
24681417	-6
24681431	6
24681448	-6
24693898	-3
24693950	3
24709713	-4
24709738	4
24878864	-5
24878884	5
24988082	6
25332777	-6
25332796	6
25332913	-6
25528860	6
25528922	-6
25528944	6
25529043	-6
25529076	6
25529160	-6
25529172	6
25554677	-6
25554740	6
25581609	-6
25581627	6
25581727	-6
25581742	6
25581840	-6
25581861	6
25582127	-6
25640328	6
25640405	-6
25640428	6
25640438	-6
25640460	6
25640521	-6
25640544	6
25640639	-6
25640662	6
25650177	-5
25650192	5
25663072	-6
25663089	6
25669373	-6
25669394	6
25669624	-6
25669639	6
25693993	-6
25694009	6
25827505	-6
25827522	6
25835706	-6
25835723	6
25866377	-5
25866387	5
25866403	-5
25866426	5
25889087	-6
25889104	6
25901773	-5
25901789	5
25902089	-5
25902105	5
25920709	-4
25920718	4
25931059	-6
25931070	6
25971218	-5
25971241	5
25976408	-6
25976421	6
25997752	-6
25997770	6
25997852	-6
25997871	6
26374450	-2
26374466	2
26472081	-5
26472103	5
26542000	-2
26542013	2
26579618	-4
26579647	4
26579732	-4
26579747	4
26579762	-4
26608767	-2
26608783	2
26609950	4
26610061	-4
26610084	4
26610096	-4
26614367	1
26614447	-1
26614468	1
26614568	-1
26624762	4
26678445	-4
26678462	4
26725134	-3
26725146	3
26759794	-2
26759811	2
26764349	-2
26764362	2
26779744	-2
26779762	2
26782377	-5
26782399	5
26787677	-5
26787694	5
26803395	-3
26803460	3
26803545	-3
26803595	3
26803644	-3
26810612	3
26810629	-3
26810711	3
26861517	-2
26861530	2
26864477	-5
26864497	5
26882495	-5
26882510	5
26902492	-2
26902512	2
26914577	-2
26914594	2
26914677	-2
26915011	2
26915027	-2
26922912	2
26936864	-5
26936876	5
26936981	-5
26937000	5
26957343	-5
26957365	5
26957379	-5
26957392	5
26957443	-5
26957458	5
26957483	-5
26957492	5
26957583	-5
26957593	5
26961983	-3
26961995	3
26963592	-3
26963642	3
26966597	-5
26966609	5
26966627	-5
26966647	5
26966700	-5
26966725	5
26966744	-5
26972658	-2
26972691	2
26972783	-2
26972825	2
26972860	-2
26972930	2
26972962	-2
26972975	2
26972999	-2
26987379	5
26987449	-5
26987492	5
26987515	-5
26987545	5
26987559	-5
26987581	5
26987616	-5
26993383	2
26993433	-2
26993458	2
26993514	-2
26993525	2
26993549	-2
26993558	2
26993648	-2
26993698	2
26993725	-2
26993792	2
26993825	-2
26993844	2
26993864	-2
26997545	5
26997563	-5
26997579	5
26997663	-5
26997679	5
26997696	-5
26997713	5
26997729	-5
26997780	5
26997813	-5
26997909	5
26997946	-5
26997963	5
27012629	-5
27012642	5
27086511	-3
27086528	3
27109975	-3
27109996	3
27110012	-3
27110096	3
27110146	-3
27116823	3
27116880	-3
27116894	3
27116906	-3
27116930	3
27116957	-3
27117031	3
27117057	-3
27117075	3
27147361	2
27147377	-2
27187461	-6
27187491	6
27187661	-6
27187673	6
27194427	-6
27194442	6
27200061	2
27200178	-2
27200222	2
27209095	-4
27212627	-5
27212643	5
27226045	4
27237740	-5
27237757	5
27240076	-6
27240090	6
27240191	-6
27240206	6
27250542	-4
27250559	4
27255975	-5
27255993	5
27257977	-2
27257993	2
27269195	-5
27269207	5
27290555	-3
27290577	3
27311525	-6
27311541	6
27325876	-6
27325893	6
27326041	-6
27326060	6
27342772	-3
27342795	3
27342912	-3
27342938	3
27343056	-3
27343071	3
27343106	-3
27343155	3
27370175	-5
27370191	5
27370208	-5
27370241	5
27381371	-6
27381394	6
27402111	-3
27402120	3
27402224	-3
27402271	3
27402338	-3
27407694	3
27408492	-3
27414955	3
27414975	-3
27415005	3
27415025	-3
27416905	-4
27416922	4
27423206	-5
27423226	5
27423274	3
27423326	-3
27423341	3
27423357	-3
27423376	3
27423457	-3
27423491	3
27423541	-3
27423591	3
27423690	-3
27425342	-5
27425358	5
27425556	-5
27425575	5
27433991	-5
27434020	5
27435292	-5
27435308	5
27450243	3
27491191	-2
27491207	2
27491920	-6
27491939	6
27492209	-5
27492223	5
27525822	-3
27525839	3
27525989	-3
27526022	3
27558170	-6
27558191	6
27584140	-3
27584157	3
27584555	-6
27584573	6
27584690	-6
27584707	6
27585806	-5
27585823	5
27597522	-6
27597541	6
27597673	-6
27597685	6
27597819	-6
27597841	6
27599906	-6
27599924	6
27600009	-6
27600023	6
27600118	-6
27600142	6
27606293	-5
27606302	5
27615773	-6
27615788	6
27623969	-3
27623986	3
27624003	-3
27624019	3
27644189	-6
27644205	6
27655485	-6
27655508	6
27684971	-6
27684984	6
27685219	-6
27685238	6
27687605	-6
27687621	6
27694021	-2
27694038	2
27698655	-6
27698672	6
27698804	-6
27698822	6
27711922	-6
27711935	6
27712334	-6
27712356	6
27738868	-6
27738891	6
27738986	-6
27739001	6
27740267	-6
27740285	6
27740404	-6
27740420	6
27740569	-6
27740586	6
27744557	-6
27744569	6
27744783	-6
27744802	6
27750821	1
27750837	-1
27750887	1
27750921	-1
27750953	1
27750987	-1
27751087	1
27751104	-1
27751121	1
27751137	-1
27755905	-6
27755921	6
27765872	-6
27765888	6
27765989	-6
27766002	6
27770974	-6
27771006	6
27796320	-2
27796335	2
27797104	1
27797137	-1
27797186	1
27797220	-1
27797336	1
27797353	-1
27797370	1
27797385	-1
27797518	1
27797537	-1
27803306	1
27803319	-1
27843552	1
27843634	-1
27843651	1
27843684	-1
27843752	1
27843768	-1
27843917	1
27843934	-1
27843951	1
27843971	-1
27843984	1
27844001	-1
27854718	-5
27854735	5
27859486	-5
27859505	5
27910186	-5
27910203	5
27912537	-4
27912570	4
27921650	-5
27921672	5
27922238	-2
27922252	2
27937338	1
27937371	-1
27937400	1
27937452	-1
27937470	1
27937486	-1
27937502	1
27937520	-1
27937549	1
27937589	-1
27937622	1
27937636	-1
27937653	1
27937705	-1
27937739	1
27937751	-1
27937767	1
27937783	-1
27937803	1
27937818	-1
27937867	1
27937888	-1
27937903	1
27937965	-1
27937985	1
27937998	-1
27938053	1
27938139	-1
27941465	-5
27941490	5
27954370	1
27954666	-1
27954688	1
27954700	-1
27954717	1
27954733	-1
27954821	1
27954834	-1
27954850	1
27954866	-1
27954983	1
27955033	-1
27987338	-2
27987348	2
28005183	-4
28005203	4
28005217	-4
28012868	4
28013016	-4
28013035	4
28077067	-5
28077084	5
28095737	-4
28095751	4
28095852	-4
28095864	4
28151287	-3
28151296	3
28245585	-3
28245597	3
28248452	-5
28248462	5
28269248	-4
28269262	4
28330267	-5
28330296	5
28424528	-4
28424548	4
28694359	-2
28694376	2
28729561	-4
28729576	4
28766193	-4
28766209	4
28835908	-5
28835925	5
28836008	-5
28847191	5
28847274	-5
28847296	5
28847306	-5
28847325	5
28861239	-6
28861274	6
28861341	-6
28861357	6
28861375	-6
28861391	6
28861441	-6
28861458	6
28861473	-6
28861528	6
28861558	-6
28861578	6
28861589	-6
28872208	-5
28872224	5
28882376	-5
28882392	5
28950140	-5
28950160	5
28951857	-4
28951872	4
28977171	-5
28977189	5
29083305	-3
29083321	3
29296519	-4
29296536	4
29334474	-4
29334485	4
29365334	-4
29365386	4
29365454	-4
29365488	4
29365592	-4
29369023	4
29369135	-4
29369152	4
29369208	-4
29369223	4
29383838	6
29383855	-6
29383934	6
29383954	-6
29398740	-4
29398787	4
29398835	-4
29398884	4
29398940	-4
29410135	4
29422918	6
29422968	-6
29422990	6
29423002	-6
29423037	6
29423088	-6
29423101	6
29423118	-6
29423156	6
29423206	-6
29423237	6
29423253	-6
29429137	1
29429204	-1
29429219	1
29429236	-1
29434922	1
29434936	-1
29434955	1
29434970	-1
29434987	1
29435005	-1
29435021	1
29435038	-1
29435055	1
29435071	-1
29435088	1
29435105	-1
29435122	1
29435138	-1
29441006	1
29441019	-1
29441039	1
29441072	-1
29441086	1
29441106	-1
29441121	1
29441139	-1
29441187	1
29441206	-1
29441238	1
29441256	-1
29441289	1
29441305	-1
29441322	1
29441339	-1
29441355	1
29441423	-1
29441438	1
29441456	-1
29441471	1
29441522	-1
29441537	1
29441556	-1
29446539	1
29446606	-1
29446638	1
29446673	-1
29446738	1
29446750	-1
29446771	1
29446784	-1
29446853	1
29446873	-1
29454191	1
29454204	-1
29454241	1
29454307	-1
29454318	1
29454338	-1
29454355	1
29454371	-1
29454386	1
29454403	-1
29454420	1
29454435	-1
29461555	-4
29461586	4
29461755	-4
29461770	4
29461790	-4
29469555	1
29469569	-1
29469587	1
29469606	-1
29469620	1
29469640	-1
29469654	1
29469721	-1
29469773	1
29469858	-1
29469890	1
29469988	-1
29470022	1
29470085	-1
29482753	-5
29482805	5
29482822	-5
29482855	5
29482888	-5
29482984	5
29483018	-5
29486252	5
29486284	-5
29486304	5
29496554	4
29496570	-4
29496589	4
29496604	-4
29496654	4
29496671	-4
29517390	-5
29517404	5
29517440	-5
29517450	5
29517506	-5
29520167	5
29522551	1
29522567	-1
29522684	1
29522701	-1
29559166	4
29559356	-4
29559399	4
29559471	-4
29559517	4
29559589	-4
29559640	4
29559671	-4
29566234	1
29566256	-1
29566270	1
29566283	-1
29566306	1
29566350	-1
29566388	1
29566400	-1
29570038	4
29570054	-4
29570070	4
29570084	-4
29570185	4
29570707	-4
29570719	4
29576734	-3
29586234	3
29586256	-3
29586268	3
29586288	-3
29586304	3
29586315	-3
29586340	3
29586353	-3
29586388	3
29586422	-3
29586453	3
29586522	-3
29586587	3
29586635	-3
29586688	3
29586750	-3
29586804	3
29586887	-3
29598402	6
29598419	-6
29598519	3
29598535	6
29598552	-6
29598616	6
29598636	-6
29598685	6
29598702	-6
29598768	6
29598786	-6
29598834	6
29598853	-6
29598916	6
29598954	-6
29617153	-5
29619882	5
29624339	-3
29624348	3
29624449	-3
29630216	-5
29630237	5
29630333	-5
29643267	5
29643285	-5
29643335	5
29643368	-5
29643383	5
29711189	3
29711302	-3
29720968	-5
29720986	5
29810004	3
29821984	-3
29822002	3
29926519	-2
29926531	2
29952145	-5
29952162	5
29952269	-5
29952279	5
29952346	-5
29952362	5
29952379	-5
29954946	5
29955046	-5
29955063	5
29955080	-5
29955096	5
29972482	-2
29972499	2
30031348	-2
30031365	2
30044115	-5
30044133	5
30116411	6
30116429	-6
30116562	6
30116584	-6
30116747	6
30116761	-6
30116861	6
30119578	-6
30119711	6
30119765	-6
30119794	6
30119934	-6
30119965	6
30120095	-6
30120110	6
30120130	-6
30120145	6
30120244	-6
30120261	6
30120277	-6
30158316	1
30158331	-1
30172461	6
30172528	-6
30172544	6
30201496	-6
30201515	6
30201564	-6
30201582	6
30201593	-6
30201614	6
30201715	-6
30201731	6
30201745	-6
30201765	6
30201898	-6
30201914	6
30202043	-6
30202067	6
30206982	-6
30207031	6
30207299	-6
30210243	-5
30210266	5
30211560	-2
30211583	2
30216549	6
30221982	-6
30221996	6
30236714	-5
30236727	5
30245611	-5
30245632	5
30251379	1
30251496	-1
30251529	1
30251645	-1
30251679	1
30251747	-1
30251762	1
30251779	-1
30251796	1
30251812	-1
30251829	1
30251895	-1
30251915	1
30251930	-1
30257714	-5
30257730	5
30262865	1
30262980	-1
30263031	1
30263046	-1
30263059	1
30263080	-1
30263093	1
30263114	-1
30263129	1
30263146	-1
30263231	1
30263264	-1
30288894	-2
30288910	2
30300746	-2
30300763	2
31015886	-2
31015903	2
31020236	-5
31020253	5
31020353	-5
31020370	5
31070889	-5
31070905	5
31080790	-2
31080806	2
31098156	-5
31098167	5
31111252	-5
31111269	5
31118985	-5
31119002	5
31161434	-5
31161451	5
31174487	-5
31174504	5
31242332	-2
31242349	2
31672566	-6
31672583	6
31680450	-6
31680466	6
31687712	-6
31687728	6
31687949	-6
31687962	6
31692169	-6
31692178	6
31699597	-6
31699612	6
32972752	-3
34040743	-4
34091924	-6
35595973	4
35595995	-4
35652239	4
35652305	-4
35690477	4
35690493	-4
35690506	4
35690528	-4
35690659	4
35690777	-4
35690806	4
35690825	-4
35690872	4
35690891	-4
35691007	4
35691060	-4
35691395	4
35691406	-4
35691471	4
35691494	-4
35691505	4
35691575	-4
35691641	4
35691656	-4
35691673	4
35691727	-4
35696294	4
35696310	-4
35821542	4
35821553	-4
35900740	4
35900775	-4
35902904	4
35902921	-4
36134854	3
36134903	-3
36135854	3
36135887	-3
36136638	3
36136654	-3
36138269	3
36138354	-3
36138733	3
36138753	-3
36145855	3
36145872	-3
36145888	3
36145941	-3
36146005	3
36146072	-3
36148618	3
36148654	-3
36152367	3
36152383	-3
36166585	3
36166607	-3
36167402	3
36167417	-3
36174751	3
36174769	-3
36183421	3
36183437	-3
36183520	3
36183535	-3
36183554	3
36183571	-3
36183652	3
36183702	-3
36183721	3
36183736	-3
36191217	3
36191239	-3
36194854	3
36194872	-3
36194971	3
36195038	-3
36195089	3
36195136	-3
36195169	3
36195205	-3
36195249	3
36195305	-3
36195321	3
36195388	-3
36195404	3
36195450	-3
36195903	3
36195922	-3
36196839	3
36196888	-3
36197105	3
36197155	-3
36197222	3
36197238	-3
36222154	4
36222166	-4
36223036	4
36223055	-4
36224139	4
36224154	-4
36227867	4
36227886	-4
36227899	4
36227922	-4
36229400	4
36229423	-4
36232072	4
36232118	-4
36233356	4
36233370	-4
36256521	4
36256537	-4
36256553	4
36256570	-4
36256621	4
36256637	-4
36284202	3
36284218	-3
36284235	3
36284268	-3
36284302	3
36284317	-3
36284335	3
36284368	-3
36284552	3
36284568	-3
36284952	3
36284969	-3
36285118	3
36285202	-3
36285218	3
36285285	-3
36285302	3
36285318	-3
36286702	3
36286735	-3
36286752	3
36286766	-3
36287702	3
36287717	-3
36287737	3
36287750	-3
36290102	3
36290152	-3
36290169	3
36290303	-3
36290452	3
36290467	-3
36290550	3
36290618	-3
36290651	3
36290936	-3
36292969	3
36293718	-3
36293786	3
36293803	-3
36342388	4
36342450	-4
36342933	4
36342950	-4
36343034	4
36343068	-4
36343085	4
36343101	-4
36343768	4
36343784	-4
36348918	4
36348935	-4
36349301	4
36349318	-4
36354636	3
36354652	-3
36357634	3
36357851	-3
36358202	3
36358669	-3
36361153	3
36361170	-3
36361585	3
36361620	-3
36361653	3
36361736	-3
36361747	3
36361836	-3
36361853	3
36361920	-3
36361953	3
36362002	-3
36362052	3
36362103	-3
36362136	3
36362185	-3
36362220	3
36362234	-3
36367153	4
36367186	-4
36373220	4
36373231	-4
36380881	4
36380900	-4
36393834	3
36393884	-3
36394451	3
36394467	-3
36394484	3
36394517	-3
36394566	3
36394901	-3
36401385	4
36401400	-4
36401418	4
36401435	-4
36402201	4
36402217	-4
36405252	3
36405269	-3
36405285	3
36405300	-3
36405586	4
36405602	-4
36407569	4
36407584	-4
36409803	3
36409835	-3
36409885	3
36409918	-3
36410118	3
36410135	-3
36410201	3
36410484	-3
36410519	3
36410570	-3
36410636	3
36410652	-3
36410703	3
36411170	-3
36411218	3
36411368	-3
36411385	3
36411553	-3
36411564	3
36411649	-3
36411670	3
36411902	-3
36413237	3
36413287	-3
36413301	3
36413335	-3
36413385	3
36413520	-3
36413553	3
36415018	-3
36416586	3
36417868	-3
36423737	3
36423750	-3
36424286	3
36424318	-3
36424385	3
36424416	-3
36424820	3
36424850	-3
36425134	3
36425150	-3
36425918	3
36425952	-3
36425985	3
36428234	-3
36429655	3
36429667	-3
36429836	3
36432866	-3
36436132	3
36436198	-3
36436420	3
36436468	-3
36436497	3
36436555	-3
36436568	3
36436737	-3
36436748	3
36437131	-3
36437155	3
36437166	-3
36439018	3
36439031	-3
36439147	3
36439237	-3
36439264	3
36440118	-3
36447268	3
36447983	-3
36447998	3
36448014	-3
36449414	3
36449431	-3
36449749	3
36449801	-3
36449836	3
36450681	-3
36452632	3
36452650	-3
36452849	3
36453566	-3
36453584	3
36454049	-3
36457184	3
36457200	-3
36457500	3
36458733	-3
36458750	3
36458768	-3
36459984	3
36460000	-3
36460118	3
36460150	-3
36460201	3
36461884	-3
36461901	3
36462167	-3
36489335	4
36489347	-4
36496082	3
36496098	-3
36516018	4
36516035	-4
36544479	4
36544570	-4
36546996	4
36547079	-4
36549371	4
36549488	-4
36568616	3
36568634	-3
36568966	3
36568982	-3
36569482	3
36569499	-3
36569515	3
36569532	-3
36570383	3
36570416	-3
36571483	3
36571501	-3
36572899	3
36572915	-3
36573817	3
36573833	-3
36574916	3
36574950	-3
36576132	3
36576150	-3
36577300	3
36577314	-3
36577549	3
36577567	-3
36577601	3
36577668	-3
36577751	3
36577767	-3
36578966	3
36578984	-3
36579000	3
36579018	-3
36579196	3
36579316	-3
36579351	3
36579551	-3
36580135	3
36580167	-3
36580334	3
36580485	-3
36580668	3
36580701	-3
36580801	3
36580818	-3
36580901	3
36580934	-3
36581985	3
36582001	-3
36582634	3
36582702	-3
36582985	3
36582998	-3
36584005	3
36584029	-3
36584401	3
36584468	-3
36584601	3
36584618	-3
36588164	3
36588186	-3
36588235	3
36588245	-3
36588302	3
36588362	-3
36589620	3
36589633	-3
36589645	3
36589679	-3
36590483	3
36590496	-3
36591220	3
36591229	-3
36591745	3
36591763	-3
36591812	3
36591950	-3
36592067	3
36592079	-3
36592813	3
36592862	-3
36594763	3
36594779	-3
36595963	3
36595982	-3
36596599	3
36596612	-3
36597380	3
36597396	-3
36597413	3
36597446	-3
36653028	4
36653049	-4
36655044	4
36655062	-4
36658729	4
36658746	-4
36661184	4
36661195	-4
36664229	4
36664245	-4
36665329	4
36665352	-4
36711928	3
36711950	-3
36712414	3
36712586	-3
36712618	3
36712928	-3
36712950	3
36713228	-3
36716135	3
36716146	-3
36716346	3
36716396	-3
36716433	3
36716513	-3
36716530	3
36716596	-3
36716613	3
36716651	-3
36716813	3
36716830	-3
36716879	3
36716896	-3
36717128	3
36717145	-3
36717197	3
36717214	-3
36718899	3
36718964	-3
36718999	3
36719045	-3
36719064	3
36719297	-3
36719330	3
36719378	-3
36719419	3
36719801	-3
36722014	3
36722030	-3
36722580	3
36722997	-3
36723012	3
36723351	-3
36723364	3
36723380	-3
36729532	3
36729565	-3
36729930	3
36729981	-3
36734116	3
36734333	-3
36734366	3
36734433	-3
36734466	3
36734533	-3
36734546	3
36734866	-3
36734882	3
36734933	-3
36734999	3
36735033	-3
36735082	3
36735149	-3
36735166	3
36735216	-3
36735281	3
36735299	-3
36735383	3
36735418	-3
36735483	3
36735496	-3
36735833	3
36735849	-3
36737750	3
36737766	-3
36737866	3
36738100	-3
36738115	3
36738199	-3
36738216	3
36738533	-3
36738549	3
36739049	-3
36741282	3
36741350	-3
36741399	3
36741411	-3
36741483	3
36741516	-3
36741684	3
36741729	-3
36741866	3
36741879	-3
36742032	3
36742048	-3
36742083	3
36742094	-3
36742132	3
36742161	-3
36742250	3
36742301	-3
36742398	3
36742412	-3
36742616	3
36742629	-3
36745045	3
36745067	-3
36745184	3
36745884	-3
36745895	3
36745949	-3
36745978	3
36746117	-3
36749285	3
36749328	-3
36749383	3
36749395	-3
36762999	4
36763015	-4
36768397	4
36768410	-4
36772794	4
36772845	-4
36812167	4
36812176	-4
36818383	4
36818393	-4
36830763	4
36830780	-4
36835829	3
36835847	-3
36842215	4
36842281	-4
36845031	4
36845065	-4
36845078	4
36845096	-4
36845115	4
36845131	-4
36846465	4
36846481	-4
36847399	4
36847681	-4
36854400	4
36854409	-4
36855116	4
36855126	-4
36856593	4
36856617	-4
36857798	3
36857814	-3
36858582	3
36858593	-3
36863851	4
36863862	-4
36863876	4
36863900	-4
36908564	4
36908581	-4
36909697	4
36909714	-4
36910898	4
36910913	-4
36915914	4
36915943	-4
36933410	4
36933426	-4
36935897	4
36935911	-4
36936711	4
36936730	-4
36937612	4
36937662	-4
36937678	4
36937695	-4
36967199	4
36967232	-4
36967266	4
36967283	-4
36967316	4
36967332	-4
36967349	4
36967366	-4
36968481	4
36968499	-4
36968764	4
36968782	-4
36971932	4
36971966	-4
36972083	4
36972098	-4
36973066	4
36973129	-4
36973250	4
36973264	-4
36974734	4
36974746	-4
36978764	4
36978782	-4
36980580	4
36980600	-4
36980979	4
36980996	-4
36984682	4
36984698	-4
36987728	4
36987745	-4
36988235	4
36988247	-4
36989528	4
36989548	-4
36997269	4
36997280	-4
36997545	4
36997562	-4
36998628	4
36998665	-4
36999911	4
36999928	-4
37001777	4
37001798	-4
37003011	4
37003030	-4
37009301	4
37009313	-4
37009679	4
37009695	-4
37011079	4
37011096	-4
37011995	4
37012014	-4
37013795	4
37013813	-4
37040428	3
37040445	-3
37042862	3
37042910	-3
37042950	3
37044482	-3
37050261	3
37050328	-3
37050494	3
37050512	-3
37051149	3
37051161	-3
37054911	3
37054928	-3
37054945	3
37054962	-3
37054977	3
37054995	-3
37055531	3
37055545	-3
37085847	3
37085863	-3
37086395	3
37086416	-3
37086431	3
37086448	-3
37086481	3
37086498	-3
37091776	3
37091793	-3
37092200	3
37092211	-3
37099848	4
37099861	-4
37148694	4
37148727	-4
37148794	4
37148810	-4
37149459	4
37149483	-4
37152276	4
37152294	-4
37157660	4
37157694	-4
37159793	4
37159826	-4
37161293	6
37161309	-6
37162578	4
37162593	-4
37162660	6
37162676	-6
37237075	3
37237109	-3
37238033	3
37238044	-3
37238160	3
37238209	-3
37238266	3
37238325	-3
37238382	3
37238442	-3
37238475	3
37239392	-3
37240296	3
37240308	-3
37242609	4
37242627	-4
37243376	4
37243392	-4
37253708	4
37253742	-4
37253759	4
37253779	-4
37258192	3
37258281	-3
37258291	3
37258376	-3
37258407	3
37258581	-3
37258591	3
37259308	-3
37259798	3
37259808	-3
37259958	3
37259981	-3
37260046	3
37260091	-3
37260131	3
37260214	-3
37260248	3
37260859	-3
37260874	3
37261766	-3
37261798	3
37261841	-3
37261891	3
37261908	-3
37262548	3
37262558	-3
37262658	3
37263391	-3
37263408	3
37263425	-3
37264098	3
37266359	-3
37266374	3
37266392	-3
37267125	3
37267275	-3
37268615	3
37268644	-3
37269559	3
37269746	-3
37269926	3
37270709	-3
37272026	3
37272042	-3
37272057	3
37276311	-3
37276326	3
37276343	-3
37277160	3
37277277	-3
37277810	3
37277843	-3
37277860	3
37278160	-3
37279327	3
37279360	-3
37280961	3
37281008	-3
37292461	4
37292479	-4
37293027	4
37293046	-4
37294346	4
37294379	-4
37296111	4
37296129	-4
37297680	4
37297695	-4
37298263	4
37298313	-4
37301546	4
37301563	-4
37319241	4
37319264	-2
37319277	-4
37331908	4
37331925	-4
37332161	4
37332175	-4
37333190	4
37333213	-4
37334313	4
37334324	-4
37337213	4
37337224	-4
37339891	4
37339931	-4
37340257	4
37340279	-4
37342741	4
37342761	-4
37350210	4
37350224	-4
37350557	4
37350576	-4
37351143	4
37351164	-4
37353529	4
37353541	-4
37356614	4
37356624	-4
37418090	4
37418113	-4
37419577	4
37419591	-4
37420578	4
37420595	-4
37422324	4
37422341	-4
37424463	4
37424473	-4
37425345	2
37425356	-2
37426512	4
37426527	-4
37427762	4
37427778	-4
37429491	3
37429513	-3
37429527	3
37430447	-3
37465324	3
37465343	-3
37468728	3
37469228	-3
37469795	3
37469806	-3
37470079	3
37471111	-3
37471127	3
37471175	-3
37471189	3
37471211	-3
37472990	3
37473022	-3
37473078	3
37473106	-3
37473162	3
37473195	-3
37473244	3
37473295	-3
37473322	3
37473372	-3
37473428	3
37473457	-3
37473505	3
37473562	-3
37473595	3
37473645	-3
37473655	3
37473677	-3
37474372	3
37474395	-3
37474439	3
37474458	-3
37474511	3
37475273	-3
37475811	3
37475822	-3
37475845	3
37476940	-3
37479679	3
37479689	-3
37479712	3
37479723	-3
37479872	3
37480647	-3
37481413	3
37481425	-3
37481528	3
37482280	-3
37483090	3
37483106	-3
37483191	3
37483244	-3
37483260	3
37484406	-3
37484977	3
37484990	-3
37485007	3
37485073	-3
37485106	3
37485223	-3
37486289	3
37486309	-3
37486922	3
37486956	-3
37488690	3
37490690	-3
37491156	3
37491174	-3
37491190	3
37491412	-3
37491474	3
37492026	-3
37497825	3
37497908	-3
37498292	3
37498340	-3
37498358	3
37498408	-3
37498458	3
37498492	-3
37498525	3
37498578	-3
37498592	3
37498608	-3
37499990	3
37500012	-3
37502226	3
37502359	-3
37502376	3
37502407	-3
37502425	3
37502442	-3
37505242	3
37505259	-3
37506958	3
37506976	-3
37507793	3
37507810	-3
37508893	4
37508910	-4
37508927	4
37508943	-4
37509226	3
37509260	-3
37509458	3
37509493	-3
37509725	3
37509743	-3
37509759	3
37509810	-3
37509825	3
37509842	-3
37515894	2
37515910	-2
37516628	2
37516678	-2
37517811	2
37517827	-2
37518626	2
37518644	-2
37520009	2
37520045	-2
37522357	2
37522378	-2
37522491	2
37522640	-2
37523346	2
37523360	-2
37524277	2
37524779	-2
37525225	2
37525278	-2
37525312	2
37525322	-2
37526929	2
37527126	-2
37528046	2
37528056	-2
37531593	2
37531610	-2
37532495	2
37532527	-2
37533063	2
37533076	-2
37536679	2
37536744	-2
37538406	2
37538429	-2
37539008	2
37539060	-2
37539077	2
37539091	-2
37540112	2
37540125	-2
37540688	2
37540710	-2
37540725	2
37540777	-2
37541295	2
37541308	-2
37542793	2
37542910	-2
37542945	2
37543094	-2
37543688	2
37543713	-2
37544905	2
37544962	-2
37545122	2
37545145	-2
37552121	3
37552146	-3
37553176	3
37553190	-3
37553211	3
37554913	-3
37555711	3
37557038	-3
37558343	3
37559612	-3
37560289	3
37560312	-3
37560428	3
37561155	-3
37561180	3
37561191	-3
37576890	3
37576911	-3
37577175	3
37577192	-3
37578877	3
37578893	-3
37588121	3
37589612	-3
37590488	3
37591055	-3
37592005	3
37592055	-3
37592072	3
37592388	-3
37592405	3
37593289	-3
37593972	3
37594022	-3
37594044	3
37594122	-3
37594143	3
37594389	-3
37594406	3
37594976	-3
37595006	3
37595039	-3
37595089	3
37595122	-3
37595172	3
37595222	-3
37595256	3
37595272	-3
37596245	3
37597422	-3
37598289	3
37598323	-3
37598356	3
37599773	-3
37601043	3
37601890	-3
37608624	2
37608674	-2
37611074	3
37611125	-3
37611308	3
37611324	-3
37611424	3
37611458	-3
37611508	3
37611525	-3
37611758	3
37611775	-3
37611808	3
37611841	-3
37611891	3
37611925	-3
37612090	3
37612108	-3
37618924	4
37618941	-4
37629575	2
37629810	-2
37629887	2
37629911	-2
37630994	2
37631008	-2
37632411	2
37632425	-2
37632727	2
37632738	-2
37633494	4
37633508	-4
37633542	4
37633576	-4
37634041	2
37634122	-2
37634443	4
37634455	-4
37635409	2
37635423	-2
37636175	2
37636261	-2
37636311	2
37636325	-2
37637061	2
37637075	-2
37638041	2
37638178	-2
37639292	2
37639304	-2
37639876	4
37639893	-4
37641212	2
37641242	-2
37642079	2
37642110	-2
37642276	2
37642327	-2
37642373	2
37642410	-2
37642476	2
37642508	-2
37642577	2
37642643	-2
37642658	2
37642723	-2
37642754	2
37642826	-2
37642888	2
37642938	-2
37642991	2
37643043	-2
37643091	2
37643156	-2
37643193	2
37643241	-2
37643259	2
37643275	-2
37645276	2
37645292	-2
37646805	4
37646824	-4
37647875	2
37647890	-2
37653671	2
37653788	-2
37654620	2
37654638	-2
37669143	4
37669158	-4
37672426	4
37672442	-4
37672454	4
37672477	-4
37674439	2
37674491	-2
37675511	2
37675523	-2
37678891	2
37678958	-2
37679942	2
37679958	-2
37684508	2
37684525	-2
37834340	2
37834356	-2
37834506	2
37834523	-2
37835273	2
37835288	-2
37836571	2
37836590	-2
37836955	2
37836972	-2
37837523	2
37837557	-2
37837890	2
37837905	-2
37840190	2
37840205	-2
37840524	2
37840539	-2
37842557	2
37842590	-2
37842909	2
37842924	-2
37846157	2
37846174	-2
37846608	2
37846624	-2
37848708	3
37848719	-3
37849575	3
37849589	-3
37850291	3
37850307	-3
37852090	6
37852125	-6
37852325	3
37852339	-3
37853086	3
37853109	-3
37854159	3
37854170	-3
37855175	3
37855207	-3
37858104	3
37858119	-3
37858137	3
37858307	-3
37858321	3
37858455	-3
37858485	3
37858543	-3
37858570	3
37858620	-3
37858655	3
37858709	-3
37858720	3
37858776	-3
37858808	3
37858859	-3
37858892	3
37858925	-3
37858993	3
37859004	-3
37859058	3
37859088	-3
37859160	3
37859171	-3
37859226	3
37859258	-3
37859307	3
37859342	-3
37859393	3
37859439	-3
37859474	3
37859491	-3
37862076	3
37862089	-3
37862323	3
37862377	-3
37862409	3
37862458	-3
37862492	3
37862539	-3
37862554	3
37863086	-3
37863121	3
37863156	-3
37863203	3
37863225	-3
37863238	3
37863257	-3
37864993	3
37865006	-3
37865041	3
37865086	-3
37865104	3
37865721	-3
37865754	3
37865790	-3
37865836	3
37865871	-3
37865905	3
37865937	-3
37865952	3
37865975	-3
37896605	2
37896622	-2
37896855	2
37896875	-2
37897007	2
37897024	-2
37897588	2
37897606	-2
37898105	2
37898122	-2
37899374	2
37899523	-2
37899539	2
37899589	-2
37899606	2
37899623	-2
37900241	2
37900606	-2
37900625	2
37900726	-2
37900756	2
37900773	-2
37900839	2
37900856	-2
37901173	2
37901226	-2
37902573	2
37902590	-2
37902606	2
37903507	-2
37905472	3
37905490	-3
37907359	3
37907925	-3
37911074	2
37911091	-2
37911991	6
37912007	-6
37912891	6
37912903	-6
37913107	6
37913123	-6
37914308	3
37914658	-3
37914674	3
37915609	-3
37916492	3
37916504	-3
37916675	3
37916708	-3
37916737	3
37918974	-3
37919008	3
37919024	-3
37928853	3
37928869	-3
37929008	3
37929037	-3
37929060	3
37931808	-3
37932943	3
37933786	-3
37934544	3
37934654	-3
37934710	3
37935854	-3
37935870	3
37935886	-3
37936304	3
37936326	-3
37936470	3
37936504	-3
37936571	3
37936604	-3
37936638	3
37937238	-3
37937271	3
37937319	-3
37937371	3
37937437	-3
37937454	3
37937521	-3
37937554	3
37937738	-3
37937770	3
37937954	-3
37937971	3
37938254	-3
37938271	3
37938286	-3
37978957	3
37978973	-3
37984307	4
37984319	-4
37984342	4
37984353	-4
37984802	4
37984890	-4
37989170	4
37989185	-4
37991955	4
37991969	-4
38000506	4
38000520	-4
38000542	4
38000553	-4
38000610	4
38000623	-4
38002203	4
38002220	-4
38010042	4
38010055	-4
38036459	2
38036468	-2
38040319	2
38040342	-2
38041336	2
38041519	-2
38041536	2
38041602	-2
38041669	2
38041936	4
38041959	-4
38042135	-2
38042708	2
38042736	-2
38043353	4
38043369	-4
38043486	2
38043502	-2
38044820	2
38044835	-2
38045936	2
38045954	-2
38048469	2
38048487	-2
38050422	2
38050437	-2
38052921	2
38052937	-5
38052954	-2
38057454	2
38057470	-2
38061754	2
38061770	-2
38062570	2
38062588	-2
38063637	2
38063655	-2
38067723	5
38068540	2
38068551	-5
38068575	-2
38070290	2
38070322	-2
38071017	2
38071040	-2
38080807	5
38081940	-5
38083075	5
38083708	-5
38084621	5
38085524	-5
38096537	5
38096554	-5
38097737	5
38097757	-5
38098736	5
38098758	-5
38100358	5
38100371	-5
38101808	5
38101821	-5
38104206	5
38104218	-5
38106658	5
38106669	-5
38109152	5
38109174	-5
38110356	5
38110369	-5
38111035	5
38111055	-5
38113122	5
38113137	-5
38216101	5
38216119	-5
38218585	5
38218605	-5
38220486	5
38220502	-5
38223002	5
38223020	-5
38224852	5
38224869	-5
38319056	3
38319232	-3
38319301	3
38319317	-3
38319482	3
38319519	-3
38320382	3
38320449	-3
38320466	3
38320483	-3
38320499	3
38320519	-3
38320587	3
38320616	-3
38320949	3
38320970	-3
38321586	3
38321603	-3
38321620	3
38321783	-3
38321806	3
38321972	-3
38321986	3
38322073	-3
38322084	3
38322149	-3
38322171	3
38322385	-3
38322400	3
38322433	-3
38322466	3
38322488	-3
38324035	3
38324049	-3
38328700	3
38328732	-3
38328755	3
38329167	-3
38329201	3
38329218	-3
38329236	3
38329250	-3
38330467	3
38330485	-3
38330503	3
38331268	-3
38331918	3
38331951	-3
38331967	3
38333153	-3
38333818	3
38334102	-3
38334135	3
38334452	-3
38334468	3
38334602	-3
38335438	3
38335452	-3
38335468	3
38336285	-3
38337168	3
38337188	-3
38337316	3
38337353	-3
38337418	3
38337432	-3
38337455	3
38337468	-3
38338455	3
38338468	-3
38338486	3
38340100	-3
38340737	3
38340752	-3
38340785	3
38341817	-3
38343738	2
38343788	-2
38343819	2
38343836	-2
38344302	2
38344320	-2
38344869	2
38344886	-2
38346203	3
38346218	-3
38346237	3
38346253	-3
38346836	3
38346851	-3
38359336	4
38359354	-4
38363056	4
38363068	-4
38363082	4
38363098	-4
38363121	4
38363132	-4
38375183	4
38375200	-4
38378700	4
38378715	-4
38583479	3
38583496	-3
38584170	3
38584180	-3
38584813	3
38584851	-3
38584980	3
38585001	-3
38585079	3
38585101	-3
38585163	3
38585201	-3
38585246	3
38585313	-3
38585351	3
38585397	-3
38585446	3
38585597	-3
38585613	3
38585697	-3
38585730	3
38585830	-3
38586580	3
38586600	-3
38586712	3
38586747	-3
38586796	3
38586863	-3
38586884	3
38587713	-3
38588764	3
38588780	-3
38589016	3
38589051	-3
38589130	3
38589164	-3
38589197	3
38589263	-3
38589286	3
38589763	-3
38589796	3
38589812	-3
38591167	3
38591181	-3
38591297	3
38591352	-3
38591397	3
38591464	-3
38591497	3
38594131	-3
38594148	3
38594165	-3
38595648	3
38595665	-3
38595748	3
38596280	-3
38596331	3
38596398	-3
38596415	3
38596597	-3
38596615	3
38596700	-3
38596731	3
38596813	-3
38596851	3
38596917	-3
38596931	3
38597279	-3
38597298	3
38597333	-3
38597415	3
38597814	-3
38597830	3
38597849	-3
38597899	3
38597915	-3
38598165	3
38598182	-3
38598283	3
38598315	-3
38598347	3
38598363	-3
38598382	3
38598415	-3
38598432	3
38598447	-3
38599148	3
38599165	-3
38599398	3
38599418	-3
38599515	3
38599599	-3
38602147	3
38602166	-3
38602265	3
38603179	-3
38623917	4
38624019	-4
38624033	4
38624051	-4
38655497	4
38655513	-4
38663033	4
38663048	-4
38663065	4
38663081	-4
38671316	4
38671333	-4
38671349	4
38671366	-4
38674300	4
38674316	-4
38692916	3
38692932	-3
38694033	3
38694049	-3
38695401	3
38695429	-3
38695477	3
38695512	-3
38695762	3
38695779	-3
38701597	3
38701613	-3
38701647	3
38701779	-3
38701913	3
38701928	-3
38702046	3
38702063	-3
38702813	3
38702847	-3
38702897	3
38703377	-3
38703412	3
38703430	-3
38704349	3
38704363	-3
38704414	3
38704432	-3
38704445	3
38704464	-3
38704833	3
38704847	-3
38705664	3
38705680	-3
38705830	3
38705846	-3
38705897	3
38705929	-3
38705947	3
38705964	-3
38706016	3
38706030	-3
38707031	3
38707049	-3
38707064	3
38707131	-3
38707197	3
38707214	-3
38710381	3
38710398	-3
38712097	3
38712114	-3
38712129	3
38712146	-3
38712165	3
38712198	-3
38712263	3
38712282	-3
38712381	3
38712394	-3
38715532	3
38715549	-3
38715730	3
38715932	-3
38715949	3
38715999	-3
38716016	3
38716065	-3
38716099	3
38716132	-3
38716182	3
38716196	-3
38716214	3
38716232	-3
38716249	3
38716265	-3
38716965	3
38716982	-3
38717165	3
38717749	-3
38717765	3
38717782	-3
38717799	3
38717815	-3
38717832	3
38717847	-3
38718532	3
38718565	-3
38718582	3
38719166	-3
38719181	3
38719198	-3
38720030	3
38720066	-3
38720099	3
38720148	-3
38720162	3
38720233	-3
38720249	3
38720394	-3
38720417	3
38720462	-3
38720482	3
38720498	-3
38720514	3
38720531	-3
38720549	3
38720565	-3
38720582	3
38720598	-3
38720613	3
38720633	-3
38720646	3
38720666	-3
38721432	3
38721460	-3
38721481	3
38722249	-3
38722264	3
38722283	-3
38723215	3
38723416	-3
38723431	3
38723448	-3
38723466	3
38723480	-3
38723499	3
38723511	-3
38723533	3
38723549	-3
38723561	3
38723583	-3
38723599	3
38723611	-3
38723631	3
38723648	-3
38723664	3
38723678	-3
38723697	3
38723714	-3
38723731	3
38723743	-3
38723795	3
38723815	-3
38724666	3
38725033	-3
38725047	3
38725065	-3
38726949	3
38727283	-3
38727298	3
38727328	-3
38727350	3
38727365	-3
38728033	3
38728049	-3
38728133	3
38728466	-3
38728477	3
38728500	-3
38732315	3
38732333	-3
38734033	3
38734282	-3
38734311	3
38734328	-3
38734350	3
38734364	-3
38735511	3
38735535	-3
38736534	3
38736649	-3
38736661	3
38736701	-3
38736765	3
38736783	-3
38736832	3
38736846	-3
38736879	3
38736901	-3
38737649	3
38737666	-3
38737700	3
38737730	-3
38737749	3
38738110	-3
38738135	3
38738145	-3
38739466	3
38739482	-3
38739618	3
38739651	-3
38739699	3
38739714	-3
38739747	3
38739800	-3
38739811	3
38739882	-3
38739899	3
38739913	-3
38739928	3
38739949	-3
38740811	3
38740835	-3
38740864	3
38740880	-3
38740894	3
38740913	-3
38741250	3
38741262	-3
38742211	3
38742230	-3
38742283	3
38742318	-3
38742328	3
38742351	-3
38742364	3
38742383	-3
38742411	3
38742434	-3
38742499	3
38742515	-3
38742566	3
38742577	-3
38742601	3
38742612	-3
38742634	3
38742648	-3
38744012	3
38744034	-3
38744227	3
38744282	-3
38744294	3
38744318	-3
38744331	3
38744350	-3
38744364	3
38744380	-3
38748380	3
38749062	-3
38750394	3
38750410	-3
38750433	3
38750448	-3
38750461	3
38751017	-3
38751031	3
38751084	-3
38751098	3
38751111	-3
38751132	3
38751148	-3
38751161	3
38751179	-3
38751194	3
38751210	-3
38752045	3
38752068	-3
38752081	3
38752629	-3
38752644	3
38752678	-3
38752694	3
38753078	-3
38753094	3
38753111	-3
38754930	3
38754949	-3
38755250	3
38755261	-3
38755328	3
38755345	-3
38755395	3
38755428	-3
38755445	3
38755461	-3
38755480	3
38755494	-3
38755527	3
38755544	-3
38755661	3
38755679	-3
38756312	3
38756331	-3
38756344	3
38756395	-3
38756410	3
38756428	-3
38756445	3
38756461	-3
38756478	3
38756494	-3
38756518	3
38756901	-3
38756914	3
38756928	-3
38756948	3
38756962	-3
38756978	3
38756996	-3
38757011	3
38757028	-3
38757061	3
38757078	-3
38757796	3
38757811	-3
38757862	3
38758145	-3
38758161	3
38758445	-3
38758466	3
38758479	-3
38791982	4
38791997	-4
38809495	4
38809512	-4
38809531	4
38809612	-4
38811095	4
38811112	-4
38811162	4
38811179	-4
38811195	4
38811212	-4
38811262	4
38811279	-4
38811329	4
38811345	-4
38811361	4
38811377	-4
38811395	4
38811447	-4
38811495	4
38811512	-4
38813096	4
38813112	-4
38813762	4
38813862	-4
38813879	4
38813896	-4
38814863	4
38814879	-4
38815680	4
38815729	-4
38823464	4
38823497	-4
38823514	4
38823530	-4
38823547	4
38823630	-4
38835365	4
38835381	-4
38837199	4
38837281	-4
38837293	4
38837316	-4
38837330	4
38837348	-4
38838099	4
38838114	-4
38839580	4
38839595	-4
38839649	4
38839663	-4
38839681	4
38839695	-4
38839715	4
38839727	-4
38839766	4
38839780	-4
38839798	4
38839810	-4
38849564	4
38849579	-4
38889962	3
38892963	3
38892979	-3
38893845	3
38893861	-3
38894011	3
38894064	-3
38894145	3
38894165	-3
38894344	3
38894376	-3
38894463	3
38894495	-3
38894529	3
38894628	-3
38894676	3
38894865	-3
38894897	3
38895095	-3
38895144	3
38895162	-3
38895178	3
38895195	-3
38897545	3
38897562	-3
38897629	3
38897714	-3
38897762	3
38901777	-3
39007474	3
39007493	-3
39007826	3
39007848	-3
39008348	3
39008360	-3
39008374	3
39008393	-3
39008610	3
39010360	-3
39016991	2
39017028	-2
39022109	2
39022127	-2
39024741	2
39024758	-2
39028246	2
39028276	-2
39031560	2
39031627	-2
39049329	2
39049344	-2
39070847	2
39070874	-2
39070928	2
39070959	-2
39071041	2
39071062	-2
39071075	2
39071092	-2
39071109	2
39071124	-2
39071547	2
39071580	-2
39077828	2
39077843	-2
39078347	2
39078510	-2
39078524	2
39078590	-2
39078610	2
39079307	-2
39079324	2
39079511	-2
39082809	2
39082859	-2
39082874	2
39082946	-2
39082960	2
39083229	-2
39083240	2
39083307	-2
39083324	2
39083857	-2
39083874	2
39083943	-2
39083981	2
39084010	-2
39084027	2
39084041	-2
39084992	2
39085008	-2
39085309	2
39085324	-2
39085342	2
39085361	-2
39085377	2
39085425	-2
39085458	2
39085507	-2
39085556	2
39085575	-2
39085658	2
39085675	-2
39085691	2
39085710	-2
39085741	2
39085775	-2
39085791	2
39085859	-2
39085875	2
39085892	-2
39085908	2
39085947	-2
39086010	2
39086027	-2
39087327	2
39087580	-2
39087608	2
39088328	-2
39088341	2
39088507	-2
39088525	2
39088592	-2
39088607	2
39088793	-2
39088808	2
39088879	-2
39088892	2
39088981	-2
39088991	2
39089058	-2
39103658	3
39103674	-3
39103825	3
39103846	-3
39104241	3
39104263	-3
39105574	3
39105595	-3
39105727	3
39105742	-3
39105808	3
39105841	-3
39105898	3
39105958	-3
39105996	3
39106992	-3
39107008	3
39107041	-3
39107062	3
39107074	-3
39180293	4
39180307	-4
39180943	4
39180956	-4
39183028	3
39183043	-3
39183057	3
39183078	-3
39183606	3
39183623	-3
39190456	4
39190473	-4
39194890	4
39194907	-4
39198659	4
39198673	-4
39200224	4
39200240	-4
39204058	4
39204078	-4
39205623	4
39205640	-4
39213690	3
39213713	-3
39213757	3
39214129	-3
39214139	3
39214197	-3
39214206	3
39214263	-3
39214291	3
39214306	-3
39219323	3
39219339	-3
39219690	3
39219712	-3
39219757	3
39219778	-3
39219845	3
39219858	-3
39229245	3
39229255	-3
39229497	3
39229505	-3
39231097	3
39231105	-3
39231705	3
39231723	-3
39247441	2
39247455	-2
39248541	2
39248657	-2
39248689	2
39248741	-2
39248761	2
39248823	-2
39248845	2
39248891	-2
39248906	2
39248922	-2
39253992	2
39254010	-2
39260409	3
39260424	-3
39262757	2
39262826	-2
39262841	2
39263692	-2
39263708	2
39263759	-2
39263792	2
39263859	-2
39263875	2
39263909	-2
39264024	2
39264059	-2
39265191	2
39265210	-2
39265343	2
39265859	6
39265875	-6
39265974	-2
39266558	2
39266575	-2
39266592	2
39266609	-2
39267093	2
39268588	6
39268608	-6
39268727	-2
39268743	2
39268760	-2
39268992	6
39269010	-6
39269610	2
39269810	6
39269827	-6
39270644	-2
39270677	2
39270693	-2
39270708	6
39270723	-6
39271427	2
39272226	-2
39273776	6
39273789	-6
39280737	6
39280762	-6
39280910	3
39281312	-3
39281325	3
39281339	-3
39281879	3
39282329	-3
39282561	3
39282575	-3
39287707	6
39287724	-6
39298471	2
39298505	-2
39298522	2
39298572	-2
39298612	2
39298640	-2
39298759	2
39298789	-2
39298837	2
39299272	-2
39300471	2
39301289	-2
39301959	2
39301971	-2
39301992	2
39302563	-2
39303044	2
39303057	-2
39303077	2
39304129	-2
39305521	2
39305572	-2
39305588	2
39305643	-2
39305656	2
39305888	-2
39306138	2
39306171	-2
39306188	2
39306324	-2
39306721	2
39307174	-2
39307610	2
39307625	-2
39307639	2
39309055	-2
39309071	2
39309106	-2
39309788	2
39309812	-2
39309821	2
39309845	-2
39309856	2
39310521	-2
39316305	3
39316328	-3
39316605	3
39316628	-3
39317496	3
39317545	-3
39317558	3
39317623	-3
39317679	3
39317688	-3
39317708	3
39317725	-3
39318740	3
39318971	-3
39319007	3
39319039	-3
39319093	3
39319721	-3
39319739	3
39319755	-3
39325463	2
39325471	-2
39327571	2
39327587	-2
39328862	2
39328873	-2
39330021	2
39330055	-2
39330092	2
39330107	-2
39332076	2
39332092	-2
39333077	2
39333087	-2
39335312	3
39335322	-3
39336077	3
39336088	-3
39336660	3
39336670	-3
39337304	3
39337329	-3
39338338	3
39338360	-3
39338956	3
39338977	-3
39339161	6
39339171	-6
39339354	3
39339377	-3
39339839	3
39339861	-3
39340426	3
39340461	-3
39340554	3
39340571	-3
39341445	6
39341454	-6
39342523	3
39342544	-3
39343304	3
39343321	-3
39343511	6
39343520	-6
39345677	3
39345741	-3
39345778	3
39345825	-3
39345855	3
39345891	-3
39346038	3
39346055	-3
39346121	3
39346160	-3
39346387	3
39346412	-3
39346954	3
39346975	-3
39347628	6
39347655	-6
39348071	6
39348106	-6
39348461	6
39348470	-6
39349505	3
39349522	-3
39349855	3
39349889	-3
39349938	3
39349989	-3
39350022	3
39350077	-3
39350121	3
39350154	-3
39350206	3
39350254	-3
39350305	3
39350342	-3
39350404	3
39350425	-3
39350589	6
39350605	-6
39350927	6
39351039	-6
39351054	6
39351072	-6
39351087	6
39351112	-6
39351139	6
39351155	3
39351172	-6
39351189	-3
39351371	6
39351511	-6
39351554	6
39351570	-6
39352122	6
39352137	-6
39352153	6
39352178	-6
39352322	6
39352472	3
39352494	-3
39352622	-6
39352655	6
39352704	-6
39352722	6
39352937	-6
39352959	6
39352970	-6
39352989	6
39353005	-6
39353889	3
39353906	-3
39360240	6
39360259	-6
39361223	3
39361238	-3
39361294	3
39361340	-3
39361390	3
39361660	-3
39361672	3
39361740	-3
39361755	3
39361807	-3
39361857	3
39361888	-3
39361940	3
39361990	-3
39362041	3
39362090	-3
39362140	3
39362190	-3
39362239	3
39362290	6
39362307	-6
39362322	6
39362338	-6
39362388	-3
39362424	3
39362622	-3
39363559	3
39363574	-3
39363740	3
39364090	-3
39364107	3
39364123	-3
39366141	6
39366155	-6
39367272	6
39367293	-6
39374826	6
39374841	-6
39375425	6
39375441	-6
39377442	6
39377454	-6
39378058	6
39378070	-6
39386804	3
39386826	-3
39387758	3
39388121	-3
39390107	3
39390125	-3
39390304	3
39390324	-3
39390343	3
39391187	-3
39391225	3
39391276	-3
39391308	3
39391372	-3
39391394	3
39391559	-3
39391594	3
39391643	-3
39391687	3
39391970	-3
39391994	3
39392026	-3
39392053	3
39392071	-3
39392728	3
39392739	-3
39393310	3
39393324	-3
39393843	3
39393853	-3
39394010	3
39394040	-3
39394056	3
39395694	-3
39396275	3
39396309	-3
39396320	3
39396491	-3
39396522	3
39396592	-3
39396628	3
39397040	-3
39397077	3
39397123	-3
39397155	3
39397209	-3
39398886	3
39398922	-3
39398976	3
39399620	-3
39401420	3
39401443	-3
39401874	3
39401886	-3
39401958	3
39401990	-3
39402021	3
39402078	-3
39402126	3
39402154	-3
39402221	3
39402236	-3
39403106	3
39403126	-3
39403339	3
39403928	-3
39403939	3
39403953	-3
39404709	3
39404753	-3
39404793	3
39404837	-3
39404873	3
39404939	-3
39404976	3
39405487	-3
39406027	3
39406072	-3
39406105	3
39406258	-3
39406293	3
39406707	-3
39406742	3
39406787	-3
39406824	3
39407290	-3
39408212	3
39408261	-3
39408486	3
39408511	-3
39408557	3
39408591	-3
39408627	3
39408690	-3
39408727	3
39408740	-3
39420244	3
39420257	-3
39420361	3
39420853	-3
39420887	3
39420944	-3
39421193	3
39421203	-3
39421228	3
39421239	-3
39421294	3
39421303	-3
39421472	3
39421543	-3
39422208	3
39422225	-3
39422326	3
39422528	-3
39422539	3
39422609	-3
39422856	3
39423172	-3
39423343	3
39423353	-3
39423524	3
39423560	-3
39423626	3
39423654	-3
39424903	3
39424926	-3
39425041	3
39425090	-3
39425143	3
39425691	-3
39425703	3
39425870	-3
39425903	3
39425987	-3
39426039	3
39426110	-3
39426143	3
39426242	-3
39426254	3
39426345	-3
39426370	3
39426458	-3
39426489	3
39426589	-3
39426603	3
39426970	-3
39426990	3
39427092	-3
39427128	3
39427307	-3
39427325	3
39427341	-3
39434571	3
39434593	-3
39434691	3
39434720	-3
39434809	3
39434823	-3
39434842	3
39434854	-3
39434908	3
39434924	-3
39434977	3
39435208	-3
39435243	3
39435311	-3
39435341	3
39436170	-3
39436188	3
39436209	-3
39436707	3
39436720	-3
39436736	3
39436824	-3
39436840	3
39437192	-3
39437206	3
39437225	-3
39437308	3
39437358	-3
39437369	3
39437394	-3
39437425	3
39437475	-3
39439091	3
39439108	-3
39440141	3
39440176	-3
39440186	3
39442986	-3
39447737	3
39447753	-3
39447861	3
39448324	-3
39448590	3
39448636	-3
39448655	3
39448669	-3
39448694	3
39448724	-3
39448973	3
39449143	-3
39449193	3
39449477	-3
39449486	3
39449576	-3
39449586	3
39449603	-3
39450261	3
39450286	-3
39450744	3
39450776	-3
39452770	3
39453007	-3
39454004	3
39454026	-3
39455354	3
39455458	-3
39455474	3
39455794	-3
39480441	3
39480507	-3
39480524	3
39480540	-3
39480557	3
39480589	-3
39480624	3
39480723	-3
39480741	3
39480824	-3
39480841	3
39481023	-3
39481074	3
39481124	-3
39481157	3
39481238	-3
39481291	3
39481907	-3
39482324	3
39482340	-3
39482541	3
39483524	-3
39483540	3
39483557	-3
39485657	3
39485673	-3
39485775	3
39485841	-3
39485924	3
39486339	-3
39486825	3
39486858	-3
39486925	3
39486941	-3
39487124	3
39487158	-3
39487423	3
39487508	-3
39487524	3
39487575	-3
39487641	3
39487808	-3
39488825	3
39488875	-3
39488908	3
39488991	-3
39489007	3
39489325	-3
39489808	3
39489842	-3
39489875	3
39489925	-3
39490009	3
39490891	-3
39490940	3
39490987	-3
39492755	3
39493121	-3
39493273	3
39493291	-3
39493308	3
39493319	-3
39493409	3
39493423	-3
39493503	3
39493524	-3
39495424	3
39495457	-3
39496503	3
39496526	-3
39496574	3
39496992	-3
39497058	3
39497074	-3
39497157	3
39497191	-3
39497207	3
39497293	-3
39497771	3
39498152	-3
39529539	3
39529552	-3
39529585	3
39529605	-3
39529757	3
39529770	-3
39529818	3
39530792	-3
39530805	3
39530824	-3
39531393	3
39532053	-3
39532075	3
39532089	-3
39532103	3
39532270	-3
39532291	3
39532340	-3
39532375	3
39532689	-3
39611224	3
39611235	-3
39611424	3
39611459	-3
39611740	3
39611756	-3
39612088	3
39612106	-3
39612623	3
39612656	-3
39612723	3
39612769	-3
39612819	3
39612884	-3
39612908	3
39613088	-3
39613106	3
39613273	-3
39613284	3
39613356	-3
39613406	3
39613456	-3
39613492	3
39613556	-3
39613625	3
39613651	-3
39613717	3
39613756	-3
39613802	3
39613825	-3
39614389	3
39614441	-3
39614471	3
39615285	-3
39615456	3
39615472	-3
39615557	3
39615587	-3
39615607	3
39615622	-3
39615656	3
39615708	-3
39615757	3
39615805	-3
39615869	3
39616090	-3
39617168	3
39617191	-3
39617284	3
39617318	-3
39617407	3
39617434	-3
39617473	3
39619004	-3
39620721	2
39620755	-2
39621505	2
39621552	-2
39621568	2
39621639	-2
39621702	2
39621724	-2
39621791	2
39621823	-2
39621872	2
39621902	-2
39621918	2
39621934	-2
39624356	2
39624389	-2
39624591	2
39624620	-2
39624786	2
39624805	-2
39626001	2
39626054	-2
39626091	2
39626141	-2
39626154	2
39626357	-2
39626372	2
39626389	-2
39659539	3
39659555	-3
39659570	3
39659590	-3
39659673	3
39659689	-3
39659756	3
39659790	-3
39659870	3
39659890	-3
39659971	3
39660006	-3
39660069	3
39660106	-3
39660205	3
39660217	-3
39678619	3
39678635	-3
39678722	3
39679152	-3
39679170	3
39681050	-3
39681070	3
39681084	-3
39682223	3
39682236	-3
39682352	3
39682417	-3
39682436	3
39682552	-3
39683036	3
39683051	-3
39693538	3
39693552	-3
39693654	3
39693688	-3
39693704	3
39693838	-3
39704189	3
39704240	-3
39704305	3
39704322	-3
39704372	3
39704433	-3
39704472	3
39704871	-3
39704920	3
39704969	-3
39704989	3
39705005	-3
39705606	3
39705622	-3
39705706	3
39706506	-3
39711907	3
39711920	-3
39711987	3
39712051	-3
39712084	3
39712290	-3
39712321	3
39712373	-3
39715900	3
39715922	-3
39715937	3
39716355	-3
39716371	3
39716457	-3
39716468	3
39716506	-3
39758520	2
39758570	-2
39759154	2
39759170	-2
39759836	2
39759855	-2
39761921	2
39761938	-2
39762870	2
39762922	-2
39763554	2
39763569	-2
39766371	2
39766488	-2
39767283	2
39767305	-2
39768538	2
39768554	-2
39768622	2
39768689	-2
39768755	2
39768871	-2
39769416	2
39769439	-2
39770233	2
39770390	-2
39771368	2
39771386	-2
39772321	2
39772356	-2
39772423	2
39772506	-2
39773273	2
39773285	-2
39774839	2
39774882	-2
39774906	2
39774920	-2
39775556	2
39775566	-2
39779088	2
39779099	-2
39779883	2
39779900	-2
39781083	2
39781100	-2
39831032	2
39831055	-2
39832884	2
39832904	-2
39833536	2
39833554	-2
39834322	2
39834333	-2
39835321	2
39835337	-2
39835351	2
39835404	-2
39835438	2
39835584	-2
39835884	2
39835934	-2
40044350	5
40044368	-5
40045847	5
40045867	-5
40049999	5
40050013	-5
40051515	5
40051536	-5
40054482	5
40054535	-5
40055602	5
40055618	-5
40056269	5
40056301	-5
40056332	5
40056386	-5
40056901	5
40056913	-5
40057553	5
40057566	-5
40101070	4
40101101	-4
40105646	4
40105663	-4
40107746	4
40107769	-4
40122365	4
40122382	-4
40160832	3
40160900	-3
40160917	3
40161000	-3
40161084	3
40161097	-3
40161550	3
40161562	-3
40163336	3
40163346	-3
40166962	3
40166995	-3
40167030	3
40167096	-3
40167146	3
40167219	-3
40167249	3
40167431	-3
40167446	3
40167512	-3
40167549	3
40167632	-3
40167662	3
40167831	-3
40167862	3
40167952	-3
40167982	3
40168045	-3
40168095	3
40168150	-3
40168199	3
40168252	-3
40168263	3
40168283	-3
40169496	3
40169515	-3
40170017	3
40170047	-3
40170101	3
40170149	-3
40170316	3
40170402	-3
40170429	3
40170479	-3
40170585	3
40170612	-3
40170662	3
40170732	-3
40170779	3
40170850	-3
40170934	3
40170949	-3
40170979	3
40170996	-3
40174695	3
40174712	-3
40184014	3
40184051	-3
40184598	3
40184616	-3
40190015	3
40190095	-3
40190348	3
40190365	-3
40190397	3
40190482	-3
40190498	3
40190566	-3
40190618	3
40190666	-3
40190715	3
40190800	-3
40190815	3
40190881	-3
40190931	3
40191097	-3
40191148	3
40191215	-3
40191249	3
40191449	-3
40191483	3
40191549	-3
40191582	3
40191665	-3
40191716	3
40191782	-3
40191831	3
40191899	-3
40191932	3
40192016	-3
40192065	3
40192081	-3
40192133	3
40192146	-3
40196299	3
40196316	-3
40198700	3
40198849	-3
40198901	3
40198950	-3
40199033	3
40199100	-3
40199134	3
40199166	-3
40199217	3
40199283	-3
40199333	3
40199636	-3
40199666	3
40199734	-3
40199766	3
40199850	-3
40199883	3
40199950	-3
40199983	3
40200182	-3
40200212	3
40200283	-3
40200299	3
40200317	-3
40201646	3
40201667	-3
40201734	3
40201748	-3
40201767	3
40201783	-3
40201833	3
40201915	-3
40202367	3
40202411	-3
40202466	3
40202528	-3
40202579	3
40202649	-3
40202683	3
40202750	-3
40202899	3
40202916	-3
40203633	3
40203695	-3
40203734	3
40204017	-3
40204051	3
40204150	-3
40204166	3
40204963	-3
40204984	3
40205079	-3
40205101	3
40205184	-3
40205200	3
40205212	-3
40206334	3
40206366	-3
40206400	3
40208068	-3
40209212	3
40209235	-3
40209245	3
40209400	-3
40209445	3
40209501	-3
40209567	3
40209618	-3
40209684	3
40209734	-3
40209785	3
40209852	-3
40209901	3
40209985	-3
40210167	3
40210201	-3
40210278	3
40210300	-3
40254184	3
40254198	-3
40254215	3
40254233	-3
40254428	3
40254449	-3
40255328	3
40255351	-3
40255648	3
40255667	-3
40256596	3
40256618	-3
40256845	3
40256867	-3
40259761	3
40259784	-3
40260644	3
40260668	-3
40260864	3
40260899	-3
40260934	3
40260978	-3
40261012	3
40261050	-3
40261061	3
40261082	-3
40262085	3
40262095	-3
40262602	3
40262612	-3
40263914	3
40263928	-3
40264815	3
40264846	-3
40264882	3
40264966	-3
40265032	3
40265050	-3
40265763	3
40265778	-3
40265833	3
40265933	-3
40266115	3
40266127	-3
40267030	3
40267047	-3
40267112	3
40267134	-3
40267167	3
40267214	-3
40267231	3
40267378	-3
40267400	3
40267536	-3
40267547	3
40267567	-3
40268862	3
40268884	-3
40269719	3
40269751	-3
40269778	3
40269911	-3
40269933	3
40269949	-3
40269966	3
40269981	-3
40270045	3
40270061	-3
40270082	3
40270098	-3
40272944	3
40272967	-3
40273182	3
40273199	-3
40274749	3
40274761	-3
40274794	3
40275133	-3
40275777	3
40275814	-3
40275845	3
40275878	-3
40275914	3
40275961	-3
40275997	3
40276116	-3
40276151	3
40276178	-3
40276196	3
40276217	-3
40276814	3
40276829	-3
40276869	3
40276918	-3
40276944	3
40276984	-3
40277014	3
40277061	-3
40277094	3
40277127	-3
40277150	3
40277164	-3
40277178	3
40277194	-3
40277251	3
40277264	-3
40277312	3
40277328	-3
40277383	3
40277399	-3
40277978	3
40278494	-3
40279245	3
40279594	-3
40279613	3
40279661	-3
40279694	3
40279812	-3
40279852	3
40279877	-3
40279896	3
40279911	-3
40280745	3
40280765	-3
40280811	3
40280832	-3
40280878	3
40280901	-3
40280968	3
40280981	-3
40281028	3
40281048	-3
40281064	3
40281081	-3
40281161	3
40281178	-3
40281795	3
40281845	-3
40281868	3
40281879	-3
40281898	3
40282378	-3
40282394	3
40282412	-3
40283062	3
40283113	-3
40283128	3
40283146	-3
40283162	3
40283599	-3
40283612	3
40283634	-3
40283646	3
40283661	-3
40283682	3
40283698	-3
40288862	3
40288879	-3
40288945	3
40288978	-3
40288994	3
40289112	-3
40289361	3
40289379	-3
40290346	3
40290379	-3
40290429	3
40290446	-3
40290496	3
40290530	-3
40290546	3
40290566	-3
40290578	3
40290596	-3
40291528	3
40291544	-3
40292230	3
40292646	-3
40292664	3
40292680	-3
40293213	3
40293263	-3
40293296	3
40293313	-3
40293346	3
40293398	-3
40293449	3
40293463	-3
40293513	3
40293530	-3
40293563	3
40293614	-3
40293761	3
40293780	-3
40293800	3
40293813	-3
40294432	3
40294447	-3
40294480	3
40294597	-3
40294647	3
40294680	-3
40294695	3
40294747	-3
40294797	3
40294830	-3
40294880	3
40294897	-3
40294948	3
40294963	-3
40295050	3
40295063	-3
40295663	3
40295697	-3
40295746	3
40295764	-3
40295780	3
40295797	-3
40295815	3
40296250	-3
40296263	3
40296279	-3
40296297	3
40296313	-3
40296332	3
40296346	-3
40296364	3
40296380	-3
40296966	3
40297564	-3
40297582	3
40297597	-3
40297613	3
40297630	-3
40298796	3
40298816	-3
40298863	3
40298879	-3
40298898	3
40298914	-3
40298931	3
40298947	-3
40298964	3
40298980	-3
40298999	3
40299131	-3
40299166	3
40299197	-3
40299213	3
40299230	-3
40306381	3
40306398	-3
40306548	3
40306562	-3
40306615	3
40306648	-3
40306832	3
40306848	-3
40310015	3
40310031	-3
40312198	3
40312214	-3
40312231	3
40312599	-3
40312614	3
40312632	-3
40313182	3
40313198	-3
40313233	3
40313282	-3
40313298	3
40313349	-3
40313377	3
40313598	-3
40313611	3
40313647	-3
40313661	3
40313683	-3
40313697	3
40313714	-3
40314310	3
40314816	-3
40314828	3
40314848	-3
40343829	5
40343845	-5
40414646	3
40414664	-3
40415716	3
40415727	-3
40416196	3
40416215	-3
40416247	3
40416263	-3
40416315	3
40416347	-3
40416380	3
40416663	-3
40416680	3
40416730	-3
40416748	3
40416764	-3
40417330	3
40417348	-3
40417681	3
40417693	-3
40418447	3
40418464	-3
40418962	3
40418980	-3
40419514	3
40419564	-3
40419665	3
40419714	-3
40419748	3
40419780	-3
40419815	3
40419848	-3
40420081	3
40420094	-3
40420632	3
40420646	-3
40420826	3
40420848	-3
40420916	3
40420930	-3
40421431	3
40421445	-3
40421977	3
40421998	-3
40422014	3
40422031	-3
40422043	3
40422094	-3
40422115	3
40422148	-3
40422197	3
40422230	-3
40422265	3
40422298	-3
40422476	3
40422512	-3
40422548	3
40422582	-3
40422611	3
40422926	-3
40424333	3
40424366	-3
40424548	3
40424563	-3
40424615	3
40424649	-3
40424693	3
40424715	-3
40424764	3
40424780	-3
40424993	3
40425009	-3
40425065	3
40425092	-3
40425148	3
40425183	-3
40425226	3
40425248	-3
40425314	3
40425325	-3
40425676	3
40425698	-3
40426147	3
40426161	-3
40426181	3
40426999	-3
40427409	3
40428065	-3
40428100	3
40428109	-3
40428730	3
40429099	-3
40429699	3
40431693	-3
40431709	3
40431726	-3
40605443	3
40605531	-3
40605557	3
40605574	-3
40605591	3
40605609	-3
40606957	3
40607696	-3
40608325	3
40608358	-3
40608392	3
40608508	-3
40608530	3
40608575	-3
40608625	3
40608641	-3
40608691	3
40608725	-3
40609158	3
40609175	-3
40610358	3
40611109	-3
40615058	3
40615076	-3
40615208	3
40615391	-3
40615408	3
40615425	-3
40617041	3
40617292	-3
40617309	3
40617359	-3
40617376	3
40617426	-3
40617443	3
40617492	-3
40617524	3
40617559	-3
40617593	3
40617641	-3
40617661	3
40617676	-3
40618259	3
40618826	-3
40618859	3
40618980	-3
40618993	3
40619042	-3
40619076	3
40619114	-3
40619142	3
40619159	-3
40619760	3
40621160	-3
40621193	3
40621231	-3
40621276	3
40621297	-3
40621343	3
40621395	-3
40621410	3
40621459	-3
40621493	3
40621961	-3
40621977	3
40621992	-3
40635458	3
40635479	-3
40636363	3
40636961	-3
40637579	3
40637607	-3
40637678	3
40637708	-3
40637746	3
40638357	-3
40639028	3
40639846	-3
40640360	3
40640393	-3
40640496	3
40640612	-3
40640963	3
40640994	-3
40641046	3
40641079	-3
40641444	3
40641461	-3
40641992	3
40642012	-3
40642061	3
40642096	-3
40642107	3
40642479	-3
40642495	3
40642545	-3
40642575	3
40642613	-3
40642663	3
40642695	-3
40642729	3
40642779	-3
40642812	3
40642847	-3
40642896	3
40642929	-3
40642980	3
40643013	-3
40643045	3
40643097	-3
40643130	3
40643179	-3
40643211	3
40643263	-3
40643296	3
40643329	-3
40643381	3
40643411	-3
40643459	3
40643495	-3
40643530	3
40643544	-3
40644028	3
40644044	-3
40644060	3
40644075	-3
40644123	3
40644529	-3
40644540	3
40644564	-3
40669293	5
40669308	-5
40671360	5
40671376	-5
40678894	5
40678911	-5
40681745	5
40681761	-5
40682328	5
40682343	-5
40688508	2
40688529	-2
40693092	2
40693113	-2
40696157	2
40696173	-2
40719644	2
40719657	-2
40720508	2
40720524	-2
40720562	2
40720591	-2
40720674	2
40720696	-2
40726791	2
40726811	-2
40726824	2
40726842	-2
40727992	2
40728008	-2
40728225	2
40728262	-2
40728325	2
40728345	-2
40728410	2
40728427	-2
40878542	3
40878556	-3
40880573	3
40880590	-3
40881590	3
40881626	-3
40881676	3
40881725	-3
40881773	3
40881822	-3
40881971	3
40881989	-3
40882007	3
40882024	-3
40882223	3
40882240	-3
40883623	3
40883638	-3
40884624	3
40884640	-3
40884690	3
40884758	-3
40884788	3
40885107	-3
40885122	3
40885310	-3
40885323	3
40885422	-3
40885438	3
40885507	-3
40885523	3
40885539	-3
40887773	3
40887789	-3
40888561	3
40888590	-3
40888891	3
40888908	-3
40888991	3
40889024	-3
40889106	3
40889157	-3
40889208	3
40889241	-3
40889341	3
40889358	-3
40889441	3
40889474	-3
40889589	3
40889609	-3
40890408	3
40890675	-3
40890708	3
40890891	-3
40890941	3
40890989	-3
40891108	3
40891125	-3
40892258	3
40892291	-3
40892590	3
40892608	-3
40892657	3
40892725	-3
40892857	3
40892875	-3
40893725	3
40894109	-3
40894124	3
40894325	-3
40895109	3
40895156	-3
40895175	3
40895242	-3
40895275	3
40895341	-3
40895509	3
40895559	-3
40895609	3
40895676	-3
40895725	3
40895775	-3
40895842	3
40895924	-3
40895942	3
40895992	-3
40896009	3
40896026	-3
40898359	3
40898507	-3
40898542	3
40898726	-3
40898776	3
40898826	-3
40898859	3
40898942	-3
40898976	3
40899276	-3
40899308	3
40899393	-3
40899443	3
40899508	-3
40899526	3
40899543	-3
40900243	3
40901159	-3
40901193	3
40901276	-3
40901943	3
40902309	-3
40902326	3
40902975	-3
40903010	3
40903076	-3
40903088	3
40903109	-3
40904210	3
40904241	-3
40904271	3
40904557	-3
40904575	3
40904891	-3
40905793	3
40906808	-3
40906826	3
40906839	-3
40907409	3
40907454	-3
40907476	3
40908442	-3
40908477	3
40908558	-3
40908576	3
40908591	-3
40910258	3
40910892	-3
40910908	3
40910926	-3
40911825	3
40911839	-3
40911876	3
40912659	-3
40916774	3
40916792	-3
40916878	3
40916911	-3
40916942	3
40917008	-3
40917042	3
40917121	-3
40917161	3
40917340	-3
40917375	3
40917474	-3
40917511	3
40917559	-3
40917606	3
40917678	-3
40917721	3
40917804	-3
40917862	3
40917922	-3
40918041	3
40918060	-3
40919329	3
40919375	-3
40919387	3
40919776	-3
40919811	3
40920225	-3
40920237	3
40920322	-3
40920344	3
40920355	-3
40921194	3
40921207	-3
40922208	3
40922224	-3
40922237	3
40922274	-3
40922411	3
40922421	-3
40923257	3
40923276	-3
40923338	3
40923360	-3
40923373	3
40923410	-3
40923421	3
40923474	-3
40923577	3
40923609	-3
40923638	3
40923824	-3
40923871	3
40923922	-3
40923971	3
40924059	-3
40924089	3
40924293	-3
40924306	3
40924326	-3
40925220	3
40925240	-3
40925275	3
40925345	-3
40925390	3
40925444	-3
40925487	3
40925510	-3
40925521	3
40925541	-3
40925654	3
40925688	-3
40925704	3
40925761	-3
40925826	3
40925839	-3
40925854	3
40925878	-3
40925922	3
40926011	-3
40926037	3
40926122	-3
40926162	3
40926239	-3
40926277	3
40926308	-3
40926345	3
40926354	-3
40927538	3
40927561	-3
40927574	3
40927855	-3
40927878	3
40927940	-3
40927970	3
40928054	-3
40928096	3
40928279	-3
40928304	3
40928388	-3
40928409	3
40928425	-3
40929196	3
40929227	-3
40929254	3
40929327	-3
40929354	3
40929442	-3
40929478	3
40929522	-3
40929571	3
40929637	-3
40929671	3
40929757	-3
40929771	3
40930559	-3
40930587	3
40930705	-3
40930727	3
40930921	-3
40933071	3
40933088	-3
40933121	3
40933308	-3
40933320	3
40933370	-3
40933405	3
40933488	-3
40933521	3
40933587	-3
40933642	3
40933704	-3
40933738	3
40934855	-3
40934874	3
40934887	-3
40936088	3
40937790	-3
40938775	3
40938939	-3
40938955	3
40939005	-3
40939055	3
40939122	-3
40939156	3
40939672	-3
40939688	3
40939738	-3
40939756	3
40939776	-3
40941890	3
40942775	-3
40942857	3
40942887	-3
40942904	3
40942955	-3
40943439	3
40944242	-3
40944277	3
40944673	-3
40945610	3
40945624	-3
40945656	3
40945724	-3
40945756	3
40945789	-3
40945807	3
40945826	-3
40946639	3
40946656	-3
40946676	3
40946939	-3
40947455	3
40947475	-3
40947506	3
40947520	-3
40947555	3
40947740	-3
40947756	3
40947806	-3
40947876	3
40947891	-3
40950590	3
40950607	-3
40950661	3
40950725	-3
40950740	3
40951057	-3
40951090	3
40951107	-3
40951690	3
40952224	-3
40952927	3
40953157	-3
40953191	3
40953207	-3
40954374	3
40954406	-3
40954441	3
40954507	-3
40954523	3
40954841	-3
40954874	3
40954908	-3
40955041	3
40955056	-3
40955693	3
40955707	-3
40956291	3
40956307	-3
40957825	3
40957841	-3
40957891	3
40957960	-3
40957974	3
40958110	-3
40958224	3
40958241	-3
40958675	3
40958690	-3
40958709	3
40961025	-3
40961040	3
40961057	-3
40962771	3
40962790	-3
40962808	3
40962821	-3
40962840	3
40963324	-3
40963340	3
40963357	-3
40964057	3
40964124	-3
40964143	3
40964176	-3
40964690	3
40964706	-3
40964876	3
40964908	-3
40965291	3
40965307	-3
40965473	3
40965491	-3
40965640	3
40965658	-3
40966543	3
40968256	-3
40968270	3
40968290	-3
41035986	3
41036007	-3
41036219	3
41036240	-3
41036969	3
41036994	-3
41038074	3
41038126	-3
41038153	3
41038169	-3
41038339	3
41038358	-3
41038874	3
41038886	-3
41039320	3
41039336	-3
41268119	3
41268139	-3
41269257	3
41269269	-3
41269286	3
41269306	-3
41269789	3
41269804	-3
41269853	3
41269906	-3
41270084	3
41270117	-3
41270168	3
41270185	-3
41270434	3
41270451	-3
41271006	3
41271051	-3
41271102	3
41271140	-3
41271371	3
41271384	-3
41271551	3
41271573	-3
41271635	3
41271656	-3
41271735	3
41271757	-3
41272187	3
41272202	-3
41272269	3
41272519	-3
41272534	3
41272552	-3
41272668	3
41272784	-3
41272800	3
41272818	-3
41272934	3
41273092	-3
41426733	3
41427237	-3
41427918	3
41427934	-3
41427984	3
41429051	-3
41429068	3
41429088	-3
41429570	3
41429601	-3
41429618	3
41430768	-3
41431218	3
41432268	-3
41432284	3
41432302	-3
41433518	3
41435436	-3
41435452	3
41435467	-3
41435885	3
41435902	-3
41435935	3
41436486	-3
41436502	3
41436518	-3
41436867	3
41437635	-3
41437652	3
41437669	-3
41437686	3
41437702	-3
41438103	3
41438119	-3
41438136	3
41438153	-3
41438169	3
41439353	-3
41439386	3
41439469	-3
41439485	3
41439569	-3
41439586	3
41439603	-3
41547068	2
41547084	-2
41547368	2
41547385	-2
41549885	2
41549902	-2
41551785	2
41551798	-2
41551819	2
41551834	-2
41552652	2
41552666	-2
41553234	2
41553252	-2
41553785	2
41553835	-2
41553851	2
41553883	-2
41553918	2
41553969	-2
41554169	2
41554181	-2
41554267	2
41554286	-2
41554902	2
41554918	-2
41556653	2
41556664	-2
41558769	2
41558785	-2
41559285	2
41559299	-2
41559885	2
41559900	-2
41560436	2
41560451	-2
41561914	2
41561937	-2
41563002	2
41563017	-2
41563569	2
41563596	-2
41563752	2
41563854	-2
41563885	2
41563935	-2
41563951	2
41563963	-2
41563987	2
41564020	-2
41564948	2
41564963	-2
41564986	2
41565000	-2
41565580	2
41565600	-2
41566320	2
41566352	-2
41566380	2
41566436	-2
41566450	2
41566521	-2
41566553	2
41566564	-2
41566635	2
41566651	-2
41566716	2
41566735	-2
41566931	2
41566953	-2
41568098	2
41568113	-2
41568236	2
41568246	-2
41568363	2
41568384	-2
41569264	2
41569280	-2
41569353	2
41569450	-2
41569520	2
41569548	-2
41569565	2
41569618	-2
41569630	2
41569654	-2
41570335	2
41570351	-2
41570616	2
41570636	-2
41570737	2
41570746	-2
41570765	2
41570787	-2
41570846	2
41570870	-2
41571635	2
41571651	-2
41571852	2
41572168	-2
41572180	2
41572198	-2
41573002	2
41573018	-2
41573051	2
41573536	-2
41575215	2
41575237	-2
41575247	2
41575451	-2
41575630	2
41575654	-2
41576297	2
41576330	-2
41576632	2
41576646	-2
41576985	2
41577000	-2
41577751	2
41577764	-2
41577935	2
41577947	-2
41577985	2
41578115	-2
41578131	2
41578149	-2
41578196	2
41578216	-2
41578830	2
41579335	-2
41579985	2
41580014	-2
41580154	2
41580263	-2
41580320	2
41580347	-2
41580366	2
41580414	-2
41580437	2
41580450	-2
41581636	2
41581680	-2
41581736	2
41581750	-2
41581931	2
41581953	-2
41581984	2
41581996	-2
41582951	2
41582963	-2
41583520	2
41583533	-2
41584303	2
41584703	-2
41584717	2
41584730	-2
41585403	2
41585430	-2
41585453	2
41585936	-2
41590152	2
41590186	-2
41590269	2
41590280	-2
41590854	2
41591446	-2
41592088	2
41592099	-2
41592199	2
41592252	-2
41592288	2
41592468	-2
41592502	2
41592535	-2
41592569	2
41592602	-2
41592613	2
41592752	-2
41592768	2
41592880	-2
41592900	2
41592918	-2
41593820	2
41594452	-2
41595285	2
41595519	-2
41595530	2
41595797	-2
41595835	2
41595847	-2
41596520	2
41597086	-2
41597116	2
41597130	-2
41597884	2
41597921	-2
41597964	2
41597984	-2
41597997	2
41598019	-2
41598031	2
41598063	-2
41598135	2
41598147	-2
41598180	2
41598514	-2
41598532	2
41598552	-2
41598562	2
41598587	-2
41599286	2
41599300	-2
41599331	2
41599386	-2
41599396	2
41599448	-2
41599500	2
41599512	-2
41599586	2
41599596	-2
41599635	2
41599667	-2
41599681	2
41599703	-2
41599717	2
41599747	-2
41599770	2
41599779	-2
41599835	2
41599847	-2
41601852	2
41602581	-2
41602602	2
41602613	-2
41603380	2
41603502	-2
41603566	2
41603597	-2
41603621	2
41603879	-2
41603901	2
41603915	-2
41603936	2
41603999	-2
41604029	2
41604047	-2
41604814	2
41605514	-2
41605535	2
41605551	-2
41606118	2
41606134	-2
41606163	2
41606716	-2
41607484	2
41608069	-2
41609303	2
41609384	-2
41609435	2
41609469	-2
41609484	2
41609681	-2
41609700	2
41609718	-2
41609729	2
41609754	-2
41609767	2
41610031	-2
41610052	2
41610063	-2
41610813	2
41610834	-2
41610846	2
41610903	-2
41610917	2
41611054	-2
41611251	2
41611484	-2
41611520	2
41611530	-2
41612184	2
41612568	-2
41612584	2
41612834	-2
41612850	2
41612867	-2
41613584	2
41613601	-2
41613617	2
41613768	-2
41613800	2
41613818	-2
41613883	2
41613901	-2
41613951	2
41613967	-2
41614012	2
41614034	-2
41614151	2
41614168	-2
41614183	2
41614201	-2
41614218	2
41614251	-2
41614285	2
41614334	-2
41614368	2
41614384	-2
41614434	2
41614449	-2
41615201	2
41615234	-2
41615269	2
41615318	-2
41615351	2
41615384	-2
41615418	2
41615451	-2
41615584	2
41615600	-2
41615634	2
41615684	-2
41615701	2
41615748	-2
41615784	2
41615801	-2
41615880	2
41615903	-2
41616602	2
41616618	-2
41616651	2
41616701	-2
41616884	2
41616918	-2
41616934	2
41616985	-2
41617035	2
41617050	-2
41617079	2
41617201	-2
41617212	2
41617268	-2
41617301	2
41617317	-2
41618102	2
41618518	-2
41618534	2
41618546	-2
41618568	2
41618815	-2
41618835	2
41618846	-2
41619518	2
41619613	-2
41619635	2
41619649	-2
41619668	2
41619684	-2
41619785	2
41619818	-2
41619834	2
41620185	-2
41620201	2
41620217	-2
41621301	2
41621317	-2
41621919	2
41622285	-2
41622312	2
41622485	-2
41622497	2
41622519	-2
41623368	2
41623585	-2
41623685	2
41623985	-2
41624845	2
41624962	-2
41625012	2
41625046	-2
41625069	2
41625112	-2
41625134	2
41625169	-2
41625179	2
41625670	-2
41625682	2
41625702	-2
41626530	2
41627013	-2
41627047	2
41627069	-2
41627885	2
41628486	-2
41631052	2
41631063	-2
41631146	2
41631165	-2
41631220	2
41631246	-2
41631380	2
41631396	-2
41631451	2
41631546	-2
41631599	2
41631635	-2
41631646	2
41631753	-2
41631787	2
41631796	-2
41632630	2
41632653	-2
41632665	2
41632797	-2
41632816	2
41632830	-2
41632897	2
41632914	-2
41632930	2
41632947	-2
41632963	2
41632997	-2
41633019	2
41633029	-2
41633047	2
41633063	-2
41635213	2
41635229	-2
41635918	2
41636447	-2
41636467	2
41636480	-2
41637647	2
41637997	-2
41638014	2
41638131	-2
41638147	2
41638464	-2
41638485	2
41638497	-2
41714566	3
41714583	-3
41716784	3
41716799	-3
41717529	3
41717551	-3
41717766	3
41717814	-3
41717832	3
41717866	-3
41717997	3
41718066	-3
41718367	3
41718415	-3
41718633	3
41718649	-3
41719183	3
41719199	-3
41719382	3
41719730	-3
41719748	3
41720463	-3
42119144	4
42119157	-4
42120181	4
42120213	-4
42120798	4
42120810	-4
42123711	4
42123729	-4
42125131	4
42125142	-4
42128724	4
42128741	-4
42129912	4
42129924	-4
42129947	4
42129960	-4
42130574	4
42130598	-4
42132007	4
42132031	-4
42133707	4
42133730	-4
42134491	4
42134512	-4
42135792	4
42135809	-4
42137345	4
42137356	-4
42441758	3
42441911	-3
42441921	3
42441977	-3
42442010	3
42442042	-3
42442092	3
42442107	-3
42442171	3
42442207	-3
42442237	3
42442255	-3
42442872	3
42442886	-3
42442906	3
42442941	-3
42443011	3
42443037	-3
42443072	3
42443122	-3
42443160	3
42443210	-3
42443221	3
42443256	-3
42443302	3
42443353	-3
42443394	3
42443406	-3
42443422	3
42443439	-3
42444102	3
42444122	-3
42444244	3
42444275	-3
42444305	3
42444359	-3
42444410	3
42444443	-3
42446289	3
42446305	-3
42446941	3
42446973	-3
42447007	3
42447053	-3
42447090	3
42447157	-3
42447171	3
42447228	-3
42447260	3
42447293	-3
42447322	3
42447377	-3
42447409	3
42447440	-3
42447477	3
42447503	-3
42447574	3
42447586	-3
42447621	3
42447641	-3
42448174	3
42448186	-3
42448219	3
42448253	-3
42448289	3
42448725	-3
42448741	3
42448803	-3
42448854	3
42448876	-3
42449461	3
42449473	-3
42449511	3
42449541	-3
42449603	3
42449791	-3
42449825	3
42449841	-3
42450689	3
42450728	-3
42450773	3
42450806	-3
42450819	3
42451186	-3
42451219	3
42451256	-3
42451303	3
42451327	-3
42452553	3
42452973	-3
42452990	3
42453038	-3
42453093	3
42453120	-3
42453177	3
42453206	-3
42453220	3
42453236	-3
42453786	3
42454353	-3
42455590	3
42456236	-3
42460204	3
42460225	-3
42460357	3
42460804	-3
42460825	3
42460840	-3
42461390	3
42462137	-3
42462637	3
42462655	-3
42462687	3
42463572	-3
42464204	3
42464221	-3
42464237	3
42464308	-3
42464321	3
42464604	-3
42464639	3
42464673	-3
42464704	3
42464755	-3
42464786	3
42464838	-3
42464888	3
42464904	-3
42464959	3
42464988	-3
42465040	3
42465056	-3
42465671	3
42466170	-3
42466187	3
42466205	-3
42466225	3
42466241	-3
42466290	3
42466321	-3
42466338	3
42466354	-3
42466905	3
42467640	-3
42467655	3
42467675	-3
42468243	3
42468255	-3
42468306	3
42469104	-3
42469122	3
42469138	-3
42469775	3
42469788	-3
42469805	3
42469822	-3
42469842	3
42470488	-3
42470505	3
42470522	-3
42471074	3
42471872	-3
42471887	3
42472021	-3
42472039	3
42472054	-3
42472121	3
42472139	-3
42472158	3
42472171	-3
42474672	3
42474689	-3
42474706	3
42474722	-3
42474739	3
42474756	-3
42474771	3
42474790	-3
42474823	3
42475039	-3
42475071	3
42475106	-3
42475139	3
42475173	-3
42475222	3
42475259	-3
42475290	3
42475325	-3
42475840	3
42475856	-3
42475872	3
42476004	-3
42476071	3
42476693	-3
42476703	3
42476773	-3
42476789	3
42476859	-3
42476872	3
42477023	-3
42477039	3
42477056	-3
42477073	3
42477089	-3
42477639	3
42477656	-3
42477673	3
42478192	-3
42478206	3
42478223	-3
42478242	3
42478253	-3
42478270	3
42478292	-3
42478306	3
42478325	-3
42487074	3
42487090	-3
42487158	3
42487941	-3
42738869	4
42738985	-4
42754738	4
42754754	-4
42755587	4
42755604	-4
42756585	4
42756605	-4
42757535	4
42757555	-4
42759639	4
42759649	-4
42760521	4
42760536	-4
42761465	4
42761489	-4
42762516	4
42762537	-4
42763486	4
42763504	-4
42764754	4
42764769	-4
42767052	4
42767070	-4
42769171	4
42769186	-4
42771235	4
42771248	-4
42772532	4
42772557	-4
42776770	4
42776783	-4
42777599	4
42777622	-4
42781102	4
42781116	-4
42781482	4
42781499	-4
42786416	4
42786433	-4
42787149	4
42787166	-4
42787934	4
42787950	-4
42789204	4
42789217	-4
42790633	4
42790651	-4
42791932	4
42791953	-4
42793571	4
42793584	-4
42794835	4
42794851	-4
42795984	4
42796001	-4
42837900	2
42837915	-2
42917051	4
42917068	-4
42917835	4
42917851	-4
42925836	5
42925850	-5
42927202	5
42927218	-5
42929800	5
42929814	-5
42929868	5
42929935	-5
42929952	5
42929985	-5
42930052	5
42930168	-5
42930185	5
42930247	-5
42930301	5
42930334	-5
42930385	5
42930418	-5
42931102	5
42931118	-5
42933018	5
42933035	-5
43093461	3
43093485	-3
43093700	3
43093715	-3
43094812	3
43094836	-3
43095817	3
43095833	-3
43096595	3
43096619	-3
43096652	3
43096700	-3
43096733	3
43096849	-3
43096895	3
43096934	-3
43096968	3
43097018	-3
43097099	3
43097116	-3
43097849	3
43097867	-3
43097965	3
43098132	-3
43098162	3
43098245	-3
43098268	3
43098368	-3
43098412	3
43098452	-3
43098547	3
43098567	-3
43099568	3
43099603	-3
43099632	3
43099786	-3
43099818	3
43099849	-3
43099913	3
43099934	-3
43100002	3
43100047	-3
43100078	3
43100116	-3
43100129	3
43100151	-3
43101111	3
43101133	-3
43101169	3
43101198	-3
43101233	3
43101301	-3
43101315	3
43101784	-3
43101796	3
43101831	-3
43101848	3
43101861	-3
43102748	3
43102779	-3
43102834	3
43102848	-3
43102948	3
43102968	-3
43103636	3
43103649	-3
43104264	3
43104279	-3
43105232	3
43105245	-3
43105261	3
43105278	-3
43105303	3
43105345	-3
43105396	3
43105467	-3
43105482	3
43105515	-3
43105579	3
43105601	-3
43105730	3
43105745	-3
43107429	3
43107445	-3
43109695	3
43109713	-3
43109761	3
43109811	-3
43109829	3
43109899	-3
43109911	3
43110145	-3
43110179	3
43110219	-3
43110245	3
43110312	-3
43110332	3
43110380	-3
43110429	3
43110462	-3
43110512	3
43110545	-3
43110595	3
43110613	-3
43110667	3
43110679	-3
43111062	3
43111079	-3
43111114	3
43111152	-3
43111179	3
43111213	-3
43111252	3
43111296	-3
43111329	3
43111363	-3
43111395	3
43111445	-3
43111482	3
43111512	-3
43111549	3
43111879	-3
43208766	3
43208781	-3
43209484	3
43209496	-3
43210683	3
43210699	-3
43211396	3
43211417	-3
43211463	3
43211500	-3
43211528	3
43211565	-3
43211633	3
43211666	-3
43213014	3
43213412	-3
43213427	3
43213476	-3
43213513	3
43213544	-3
43213565	3
43213577	-3
43213594	3
43213610	-3
43250812	4
43250832	-4
43251833	4
43251846	-4
43460793	3
43460808	-3
43460831	3
43461492	-3
43461529	3
43461576	-3
43461596	3
43461907	-3
43461943	3
43461960	-3
43462259	3
43462280	-3
43462310	3
43463424	-3
43463442	3
43463491	-3
43463525	3
43463658	-3
43463691	3
43463741	-3
43463791	3
43463842	-3
43463895	3
43463943	-3
43463958	3
43464347	-3
43464360	3
43464408	-3
43464442	3
43464463	-3
43464809	3
43466396	-3
43466911	3
43468475	-3
43468492	3
43468508	-3
43469076	3
43470224	-3
43503577	2
43503594	-2
43503610	2
43503627	-2
43533108	3
43533192	-3
43534562	3
43534840	-3
43534991	3
43535010	-3
43535315	3
43535326	-3
43536624	3
43536647	-3
43626828	4
43626843	-4
43632146	4
43632156	-4
43633428	4
43633439	-4
43642922	3
43642941	-3
43643545	3
43643572	-3
43643647	3
43643688	-3
43644459	3
43644472	-3
43644988	3
43645008	-3
43645024	3
43645071	-3
43645660	3
43645672	-3
43647942	3
43647958	-3
43652409	3
43652425	-3
43658271	3
43658289	-3
43664297	3
43664308	-3
43664994	3
43665005	-3
43666606	3
43666626	-3
43667456	3
43667471	-3
43669891	3
43669907	-3
43673013	3
43673022	-3
43728709	4
43728726	-4
43779255	5
43779277	-5
43779593	5
43779609	-5
43780439	5
43780460	-5
43799223	4
43799239	-4
43800074	4
43800093	-4
43801673	4
43801693	-4
43803677	4
43803691	-4
43804777	4
43804791	-4
43806287	4
43806310	-4
43808260	4
43808271	-4
43809394	4
43809404	-4
43810774	4
43810787	-4
43812095	4
43812106	-4
43813121	4
43813143	-4
43814538	4
43814560	-4
43816021	4
43816037	-4
43817504	4
43817522	-4
43966457	4
43967005	-4
43969252	4
43969277	-4
43996738	4
43996757	-4
44024822	4
44024835	-4
44030402	4
44030424	-4
44033936	4
44033951	-4
44150319	4
44150336	-4
44151534	4
44151552	-4
44152569	4
44152587	-4
44153336	4
44153353	-4
44153820	4
44153836	-4
44155251	4
44155270	-4
44155837	4
44155853	-4
44156920	4
44156937	-4
44159304	4
44159321	-4
44161971	5
44161988	-5
44162954	5
44162971	-5
44163421	5
44163438	-5
44164471	5
44164488	-5
44164938	5
44164955	-5
44165655	5
44165708	-5
44166021	5
44166038	-5
44167455	5
44167471	-5
44169539	5
44169554	-5
44170872	5
44170883	-5
44173106	5
44173120	-5
44173555	5
44173571	-5
44334569	5
44334586	-5
44338386	4
44338399	-4
44366483	5
44366499	-5
44367017	5
44367033	-5
44369734	5
44369751	-5
44374533	5
44374551	-5
44376702	5
44376718	-5
44377286	5
44377302	-5
44381152	4
44381169	-4
44395802	3
44395815	-3
44400238	3
44400270	-3
44400304	3
44400453	-3
44400620	3
44400655	-3
44401531	3
44401552	-3
44403820	3
44403835	-3
44406486	3
44406502	-3
44409903	3
44409914	-3
44410488	3
44410521	-3
44410702	3
44410716	-3
44410769	3
44410850	-3
44410869	3
44410933	-3
44410980	3
44411037	-3
44411087	3
44411150	-3
44411200	3
44411251	-3
44411302	3
44411365	-3
44411602	3
44411620	-3
44413571	3
44413584	-3
44434532	3
44434550	-3
44435400	3
44435417	-3
44436716	3
44436732	-3
44439217	3
44439234	-3
44440367	3
44440401	-3
44440451	3
44440584	-3
44440651	3
44440701	-3
44440749	3
44440819	-3
44440868	3
44440918	-3
44440967	3
44440984	-3
44448019	3
44448034	-3
44450253	3
44450268	-3
44451388	3
44451401	-3
44454949	3
44454968	-3
44455170	3
44455183	-3
44455253	3
44455303	-3
44455332	3
44455503	-3
44455569	3
44455603	-3
44455652	3
44455702	-3
44455763	3
44455819	-3
44455854	3
44455919	-3
44455949	3
44456014	-3
44456070	3
44456136	-3
44456170	3
44456180	-3
44458237	3
44458247	-3
44460880	3
44460897	-3
44463265	3
44463281	-3
44463947	3
44463970	-3
44463997	3
44464597	-3
44464618	3
44464684	-3
44464697	3
44464715	-3
44465738	3
44466199	-3
44466219	3
44466314	-3
44466331	3
44466848	-3
44466864	3
44466949	-3
44466982	3
44467065	-3
44467081	3
44467098	-3
44467799	3
44467818	-3
44467848	3
44467915	-3
44467948	3
44468415	-3
44468454	3
44468503	-3
44468571	3
44468599	-3
44468648	3
44468665	-3
44479414	3
44479433	-3
44479583	3
44479650	-3
44479683	3
44479883	-3
44479899	3
44479950	-3
44480000	3
44480066	-3
44480116	3
44480283	-3
44480300	3
44480316	-3
44481215	3
44481617	-3
44481650	3
44481699	-3
44481733	3
44481750	-3
44484782	3
44484801	-3
44485967	3
44485984	-3
44486016	3
44486318	-3
44486334	3
44486417	-3
44486434	3
44486969	-3
44487001	3
44487082	-3
44487118	3
44487201	-3
44487234	3
44487268	-3
44487317	3
44487333	-3
44488351	3
44488416	-3
44488451	3
44488633	-3
44488649	3
44488817	-3
44492635	3
44492702	-3
44492768	3
44492818	-3
44492835	3
44492900	-3
44493251	3
44493268	-3
44494134	3
44494152	-3
44494202	3
44494352	-3
44494401	3
44494452	-3
44494517	3
44494568	-3
44494600	3
44494668	-3
44494702	3
44494785	-3
44494818	3
44495002	-3
44495035	3
44495117	-3
44495135	3
44495333	-3
44495352	3
44495452	-3
44495468	3
44495568	-3
44495585	3
44495597	-3
44496818	3
44496869	-3
44496902	3
44496963	-3
44497019	3
44497085	-3
44497119	3
44497184	-3
44497235	3
44497302	-3
44497349	3
44497418	-3
44497452	3
44497536	-3
44497580	3
44497602	-3
44499635	3
44499652	-3
44499702	3
44500085	-3
44500102	3
44500286	-3
44500318	3
44500386	-3
44501152	3
44501219	-3
44501253	3
44501302	-3
44501352	3
44501403	-3
44501669	3
44501684	-3
44501869	3
44501918	-3
44501968	3
44502036	-3
44502068	3
44502133	-3
44502186	3
44502251	-3
44502368	3
44502384	-3
44503118	3
44503168	-3
44503184	3
44503346	-3
44503383	3
44503450	-3
44503485	3
44503553	-3
44503603	3
44503652	-3
44503736	3
44503798	-3
44503818	3
44503869	-3
44504184	3
44504235	-3
44504284	3
44504302	-3
44504419	3
44504453	-3
44504568	3
44504580	-3
44505435	3
44505469	-3
44505519	3
44505568	-3
44505613	3
44505636	-3
44505649	3
44505670	-3
44505699	3
44505764	-3
44505798	3
44505869	-3
44505901	3
44505969	-3
44506918	3
44506935	-3
44583771	2
44583783	-2
44585484	2
44585499	-2
44586120	2
44586134	-2
44586551	2
44586568	-2
44587552	2
44587563	-2
44590934	2
44590985	-2
44591047	2
44591068	-2
44591248	2
44591266	-2
44592886	2
44592900	-2
44593284	2
44593300	-2
44593915	2
44593931	-2
44595097	2
44595113	-2
44595653	2
44595667	-2
44595788	2
44595801	-2
44595814	2
44595964	-2
44595980	2
44596003	-2
44601769	2
44601780	-2
44602464	2
44602597	-2
44602618	2
44602664	-2
44602699	2
44602714	-2
44602836	2
44602864	-2
44602914	2
44602948	-2
44602968	2
44603000	-2
44603014	2
44603031	-2
44603631	2
44603652	-2
44603665	2
44604282	-2
44604297	2
44604346	-2
44604370	2
44604481	-2
44604513	2
44604531	-2
44605901	2
44605914	-2
44606564	2
44606586	-2
44606649	2
44606665	-2
44606698	2
44606735	-2
44606765	2
44606815	-2
44606848	2
44606898	-2
44607265	2
44607282	-2
44607365	2
44607382	-2
44608085	2
44608131	-2
44608182	2
44608199	-2
44608332	2
44608348	-2
44608365	2
44608381	-2
44608397	2
44608447	-2
44608500	2
44608514	-2
44610215	2
44610232	-2
44611899	2
44612032	-2
44612049	2
44612083	-2
44612416	2
44612434	-2
44612466	2
44612499	-2
44612516	2
44612532	-2
44613233	2
44613249	-2
44613266	2
44613566	-2
44613584	2
44613783	-2
44613801	2
44613815	-2
44614483	2
44614499	-2
44614883	2
44614899	-2
44616750	2
44616866	-2
44616883	2
44616933	-2
44616966	2
44617000	-2
44617034	2
44617051	-2
44618633	2
44618648	-2
44619315	2
44619334	-2
44620899	2
44620916	-2
44621601	2
44621616	-2
44621666	2
44621700	-2
44621717	2
44621767	-2
44621803	2
44621834	-2
44621869	2
44622116	-2
44622133	2
44622150	-2
44622817	2
44622934	-2
44622950	2
44622965	-2
44623116	2
44623133	-2
44623183	2
44623201	-2
44623217	2
44623267	-2
44623284	2
44623601	-2
44623617	2
44623634	-2
44624450	2
44624467	-2
44625384	2
44625401	-2
44628834	2
44629183	-2
44629218	2
44629234	-2
44629816	2
44629834	-2
44629935	2
44629947	-2
44630735	2
44630751	-2
44631418	2
44631432	-2
44631569	2
44631584	-2
44631635	2
44631652	-2
44631702	2
44631736	-2
44631768	2
44631784	-2
44631796	2
44631818	-2
44631918	2
44631934	-2
44632068	2
44632084	-2
44632135	2
44632168	-2
44632202	2
44632215	-2
44632235	2
44632247	-2
44632268	2
44632284	-2
44633896	2
44633919	-2
44634919	2
44635267	-2
44635285	2
44635419	-2
44635435	2
44635480	-2
44635516	2
44635551	-2
44635585	2
44635719	-2
44635735	2
44635786	-2
44635801	2
44635815	-2
44639305	2
44639316	-2
44640019	2
44640033	-2
44640068	2
44640096	-2
44640120	2
44640513	-2
44640536	2
44640996	-2
44641018	2
44641034	-2
44641730	2
44641754	-2
44642015	2
44642037	-2
44642830	2
44642846	-2
44642953	2
44642980	-2
44643214	2
44643230	-2
44647997	3
44648014	-3
44655198	3
44655214	-3
44658065	3
44658082	-3
44659832	3
44659849	-3
44662113	3
44662132	-3
44664666	3
44664683	-3
44665966	3
44665983	-3
44671050	3
44671066	-3
44672367	3
44672384	-3
44674266	3
44674283	-3
44676232	3
44676251	-3
44835226	3
44835241	-3
44835260	3
44835275	-3
44835676	3
44835693	-3
44836893	3
44836909	-3
44836959	3
44837009	-3
44837043	3
44837076	-3
44837109	3
44837126	-3
44838376	3
44838424	-3
44838525	3
44838574	-3
44838609	3
44838742	-3
44838759	3
44838808	-3
44843908	3
44843923	-3
44844059	3
44844240	-3
44844258	3
44844274	-3
44846227	3
44846242	-3
44846410	3
44846444	-3
44846473	3
44846527	-3
44846725	3
44846740	-3
44847923	3
44848159	-3
44848176	3
44848206	-3
44848242	3
44848292	-3
44849125	3
44849192	-3
44849210	3
44849276	-3
44849292	3
44849443	-3
44849459	3
44849509	-3
44849541	3
44849577	-3
44850377	3
44850426	-3
44850443	3
44850823	-3
44850843	3
44850856	-3
44852509	3
44852574	-3
44852593	3
44853059	-3
44854509	3
44854557	-3
44854591	3
44854976	-3
44856793	3
44856809	-3
44856856	3
44856909	-3
44856926	3
44857259	-3
44858026	3
44858040	-3
44858092	3
44858140	-3
44858177	3
44858240	-3
44858256	3
44858309	-3
44858342	3
44858375	-3
44859074	3
44859758	-3
44859773	3
44859789	-3
44860689	3
44860909	-3
44860923	3
44861058	-3
44861075	3
44861142	-3
44861176	3
44861192	-3
44861209	3
44861225	-3
44861872	3
44862223	-3
44880807	5
44880825	-5
44881775	5
44881792	-5
44883292	5
44883308	-5
44883792	5
44883825	-5
44884457	5
44884475	-5
44905491	3
44905508	-3
44944719	2
44944737	-2
44945117	2
44945135	-2
44946352	2
44946370	-2
44946968	2
44946988	-2
44947997	2
44948014	-2
44948714	2
44948764	-2
44950714	2
44950731	-2
44951533	2
44951565	-2
44954114	2
44954131	-2
44954931	2
44954947	-2
44957463	2
44957480	-2
44958081	2
44958115	-2
44958163	2
44958182	-2
44959013	2
44959031	-2
44959544	2
44959563	-2
44961981	2
44962014	-2
44962495	2
44962510	-2
44964444	2
44964479	-2
44964661	2
44964679	-2
44965130	2
44965145	-2
44966297	2
44966311	-2
44966847	2
44966881	-2
44966997	2
44967164	-2
44967261	2
44967311	-2
44967697	2
44967711	-2
44967764	2
44967797	-2
44968247	2
44968261	-2
