%%%DateTime	ms since program start
2016-10-10T15:26:23.295-07:00	548
5413	1
5720	-1
6170	1
6282	-1
7287	2
7568	-2
8933	3
9001	-3
9066	3
9185	-3
11086	4
11335	-4
13366	5
13550	-5
15287	6
15520	-6
18100	1
18267	-1
19202	1
19217	-1
19387	1
19437	-1
19487	1
19584	-1
19633	1
19837	-1
19867	1
19967	-1
20050	1
20120	-1
25268	1
25287	-1
25319	1
25335	-1
25451	1
25470	-1
25536	1
25618	-1
25684	1
25702	-1
25771	1
25784	-1
25837	1
25851	-1
25935	1
25952	-1
26004	1
26019	-1
26120	1
26134	-1
26570	1
26585	-1
28536	1
28552	-1
29153	1
29169	-1
29220	1
29235	-1
29669	1
29685	-1
29736	1
29752	-1
30418	1
30437	-1
30486	1
30502	-1
33969	2
33986	-2
34036	2
34052	-2
34736	2
34753	-2
38037	2
38054	-2
38120	2
38136	-2
39519	2
39537	-2
40220	2
40237	-2
41037	2
41051	-2
41420	2
41437	-2
41720	2
41735	-2
42054	2
42069	-2
42919	2
42937	-2
43354	2
43370	-2
43519	2
43537	-2
43654	2
43670	-2
44719	2
44770	-2
44904	2
44953	-2
45454	2
45470	-2
45654	2
45671	-2
45903	2
45920	-2
46005	2
46019	-2
46154	2
46170	-2
46237	2
46253	-2
46721	2
46736	-2
47487	2
47503	-2
47670	2
47703	-2
48922	2
48936	-2
49287	2
49304	-2
49388	2
49403	-2
49522	2
49537	-2
49554	2
49570	-2
49670	2
49687	-2
49769	2
49787	-2
50270	2
50287	-2
50370	2
50387	-2
50471	2
50487	-2
50536	2
50553	-2
50637	2
50652	-2
50703	2
50721	-2
51836	2
51853	-2
51988	2
52003	-2
52055	2
52069	-2
52203	2
52220	-2
53687	2
53705	-2
53786	2
53803	-2
53870	2
53886	-2
54303	2
54320	-2
54436	2
54471	-2
54552	2
54588	-2
54636	2
54653	-2
55303	2
55319	-2
55420	2
55435	-2
