%%%DateTime	ms since program start
2016-10-09T13:49:20.837-07:00	631
1662	-1
2635	-3
3648	-5
6884	1
7385	-1
28968	6
29549	-6
30616	6
31136	-6
45303	1
46284	-1
47520	1
48150	-1
61935	2
63101	-2
64454	2
64554	-2
64668	2
65369	-2
78004	3
78155	-3
78888	3
79254	-3
89589	4
89739	-4
90070	4
90405	-4
190128	6
190157	-6
191075	6
191544	-6
192974	6
193176	-6
204295	5
204658	-5
275732	4
276331	-4
354686	3
354735	-3
354818	3
355468	-3
480088	2
480575	-2
480755	2
480825	-2
612155	1
612786	-1
614152	1
614206	-1
614872	1
615071	-1
669907	1
670522	-1
672740	2
673157	-2
673507	2
673973	-2
674088	2
674140	-2
675539	3
675823	-3
678873	5
679039	-5
679156	5
679255	-5
680740	6
681039	-6
683773	4
684325	-4
685523	4
686040	-4
773878	1
774509	-1
777893	2
778394	-2
779258	2
779543	-2
3542200	4
3542235	-4
3542351	4
3542453	-4
3545467	3
3545485	-3
3545736	3
3545817	-3
3547586	2
3547984	-2
3548685	2
3548835	-2
3550698	1
3550767	-1
3550953	1
3551104	-1
3553468	6
3553703	-6
3554835	5
3554970	-5
