%%%DateTime	ms since program start
2016-08-17T16:13:04.870-07:00	14109
430900	3
430904	-3
430921	3
430938	-3
430954	3
431054	-3
431087	3
431155	-3
431189	3
431223	-3
431372	3
431387	-3
431855	3
432355	-3
432373	3
432406	-3
432958	3
432972	-3
433022	3
433323	-3
433338	3
433737	-3
433755	3
433771	-3
434224	3
434254	-3
434272	3
434787	-3
434808	3
434838	-3
434871	3
434891	-3
435388	3
435675	-3
1078986	5
1079001	-5
1084419	5
1084434	-5
1102751	1
1102901	-1
1104232	2
1104249	-2
1104551	2
1104582	-2
1107050	3
1107136	-3
1109516	4
1109550	-4
1112182	5
1112200	-5
1114450	6
1114467	-6
1523464	3
1523480	-3
1523495	3
1523543	-3
1523564	3
1523896	-3
1622279	5
1622294	-5
1622830	5
1622846	-5
1623709	5
1623727	-5
1624895	5
1624913	-5
1625509	5
1625544	-5
1625560	5
1625609	-5
1625645	5
1625697	-5
1625710	5
1625760	-5
1625794	5
1625813	-5
1625880	5
1625913	-5
1625942	5
1625976	-5
1626112	5
1626129	-5
1626164	5
1626194	-5
1626227	5
1626244	-5
1626746	5
1626760	-5
1627944	5
1627961	-5
1629478	5
1629494	-5
1631827	5
1631843	-5
1633980	5
1633995	-5
1634429	5
1634442	-5
1634860	5
1634876	-5
1634925	5
1634943	-5
1635010	5
1635028	-5
1635078	5
1635114	-5
1635142	5
1635179	-5
1635230	5
1635243	-5
1635297	5
1635311	-5
1636129	5
1636146	-5
1636709	5
1636730	-5
1639029	5
1639044	-5
1642212	5
1642229	-5
1810721	5
1810751	-5
1811301	5
1811319	-5
1814452	5
1814468	-5
1815051	5
1815071	-5
1815753	5
1815769	-5
1816086	5
1816100	-5
1816154	5
1816167	-5
1816187	5
1816220	-5
1816322	5
1816451	-5
1816484	5
1816517	-5
1816536	5
1816550	-5
1816967	5
1817038	-5
1817184	5
1817621	-5
1818067	5
1818121	-5
1818134	5
1818152	-5
1818220	5
1818303	-5
1818337	5
1818487	-5
1818584	5
1818605	-5
1820067	5
1820153	-5
1820170	5
1820187	-5
1820202	5
1820220	-5
1820234	5
1820270	-5
1820368	5
1820420	-5
1820452	5
1820551	-5
1820570	5
1820635	-5
1820653	5
1820670	-5
1820734	5
1820751	-5
1821134	5
1821201	-5
1821336	5
1821351	-5
1821389	5
1821435	-5
1821453	5
1821718	-5
1821734	5
1821967	-5
1821984	5
1822018	-5
1823401	5
1823418	-5
1823454	5
1823467	-5
1823518	5
1823534	-5
1823551	5
1823568	-5
1823584	5
1823600	-5
1823651	5
1823667	-5
1823701	5
1823738	-5
1823769	5
1823934	-5
1823953	5
1823967	-5
1823984	5
1824001	-5
1824034	5
1824051	-5
1824553	5
1824567	-5
1824650	5
1824817	-5
1824837	5
1825201	-5
1825218	5
1825251	-5
1825286	5
1825318	-5
1825351	5
1825384	-5
1825437	5
1825451	-5
1825850	5
1825868	-5
1825884	5
1825917	-5
1825934	5
1825969	-5
1826351	5
1826401	-5
2373037	4
2373236	-4
2373320	4
2373337	-4
2373820	4
2373837	-4
2373954	4
2373970	-4
2377452	4
2377469	-4
2377988	4
2378004	-4
2379037	4
2379053	-4
2380871	4
2380905	-4
2381669	4
2381684	-4
2389105	4
2389120	-4
2390136	4
2390153	-4
2391268	4
2391286	-4
2391788	4
2391803	-4
2393787	4
2393804	-4
2397233	4
2397254	-4
2398270	4
2398287	-4
2398803	4
2398820	-4
2399421	4
2399436	-4
2487519	4
2487535	-4
2614444	2
2614463	-2
2804361	3
2804377	-3
2804424	3
2804441	-3
2804491	3
2804544	-3
2804574	3
2804594	-3
2815459	3
2815476	-3
2816142	3
2816159	-3
2816193	3
2816242	-3
2817076	3
2817092	-3
2817126	3
2817159	-3
2817192	3
2817209	-3
2819909	3
2819943	-3
2819993	3
2820010	-3
2820093	3
2820109	-3
2820126	3
2820143	-3
2820676	3
2820693	-3
2821560	3
2821576	-3
2821610	3
2821643	-3
2821760	3
2821776	-3
2821810	3
2821910	-3
2821943	3
2821959	-3
2822476	3
2822493	-3
2822543	3
2822560	-3
2822676	3
2822709	-3
2822726	3
2822909	-3
2823525	3
2823559	-3
2823593	3
2823626	-3
2823643	3
2823776	-3
2823792	3
2823810	-3
2823943	3
2823959	-3
2824643	3
2824660	-3
2824776	3
2824793	-3
2824826	3
2824877	-3
2825059	3
2825092	-3
2826459	3
2826474	-3
2827310	3
2827360	-3
2827460	3
2827493	-3
2827527	3
2827544	-3
2827593	3
2827626	-3
2827677	3
2827693	-3
2828426	3
2828443	-3
2828643	3
2828659	-3
2828694	3
2828727	-3
2829261	3
2829275	-3
2829294	3
2829343	-3
2829377	3
2829627	-3
2829642	3
2829677	-3
2829727	3
2829744	-3
2830560	3
2830744	-3
2830760	3
2830824	-3
2830843	3
2830877	-3
2830908	3
2830943	-3
2830978	3
2831027	-3
2831060	3
2831094	-3
2831128	3
2831160	-3
2832944	3
2832958	-3
2833011	3
2833059	-3
2833074	3
2833309	-3
2833827	3
2833843	-3
2833859	3
2834295	-3
2834309	3
2834326	-3
2835008	3
2835028	-3
2835207	3
2835228	-3
2835261	3
2835294	-3
2835344	3
2835360	-3
2835410	3
2835457	-3
2835478	3
2835492	-3
2835544	3
2835593	-3
2835609	3
2835642	-3
2835675	3
2835710	-3
2835727	3
2835741	-3
2836377	3
2836544	-3
2836559	3
2836893	-3
2836911	3
2836945	-3
2840177	3
2840193	-3
2841041	3
2841061	-3
2842061	3
2842090	-3
2842141	3
2842177	-3
3195407	4
3195428	-4
3196341	4
3196361	-4
3197743	4
3197759	-4
3198411	4
3198427	-4
3203724	3
3203740	-3
3203777	3
3203809	-3
3203826	3
3203859	-3
3203876	3
3203893	-3
3203927	3
3203943	-3
3203978	3
3204028	-3
3204042	3
3204093	-3
3204240	3
3204259	-3
3204841	3
3204860	-3
3204877	3
3204994	-3
3205007	3
3205057	-3
3206678	3
3206690	-3
3206711	3
3206723	-3
3206741	3
3206760	-3
3206791	3
3206841	-3
3210357	3
3210444	-3
3210457	3
3210607	-3
3210690	3
3210957	-3
3210993	3
3211044	-3
3211675	3
3211874	-3
3212124	3
3212141	-3
3219274	4
3219357	-4
3219390	4
3219408	-4
3219424	4
3219607	-4
3219624	4
3219641	-4
3220708	4
3220725	-4
3223959	4
3223975	-4
3223992	4
3224126	-4
3224758	4
3224775	-4
3224793	4
3224808	-4
3224824	4
3224959	-4
3224975	4
3225026	-4
3225075	4
3225092	-4
3225124	4
3225192	-4
3226308	4
3226326	-4
3226525	4
3226708	-4
3226726	4
3226759	-4
3226792	4
3226909	-4
3227909	4
3227925	-4
3227975	4
3228026	-4
3228826	4
3228909	-4
3228942	4
3229059	-4
3229076	4
3229124	-4
3229159	4
3229191	-4
3229994	4
3230006	-4
3230059	4
3230076	-4
3232741	4
3233010	-4
3233109	4
3233175	-4
3410905	4
3410924	-4
3412321	4
3412338	-4
3426905	4
3426922	-4
3440289	4
3440306	-4
3448990	4
3449004	-4
3455104	4
3455125	-4
3460154	3
3460238	-3
3461125	3
3461139	-3
3465523	3
3465537	-3
3466073	3
3466088	-3
3479873	3
3479889	-3
3481387	3
3481408	-3
3490455	3
3490471	-3
3490855	3
3490871	-3
3495905	3
3495922	-3
3495971	3
3495988	-3
3499239	3
3499256	-3
3499689	3
3499705	-3
3499722	3
3499923	-3
3499940	3
3499989	-3
3500005	3
3500189	-3
3500204	3
3500240	-3
3500256	3
3500273	-3
3500756	3
3500872	-3
3500889	3
3501289	-3
3501306	3
3501322	-3
3501707	3
3502340	-3
3502840	3
3502856	-3
3502888	3
3503540	-3
3503973	3
3504106	-3
3504123	3
3504140	-3
3504240	3
3504623	-3
3504638	3
3504654	-3
3504673	3
3504690	-3
3504706	3
3504720	-3
3505124	3
3505271	-3
3505290	3
3505339	-3
3505356	3
3505388	-3
3505423	3
3505472	-3
3505490	3
3505540	-3
3505556	3
3505607	-3
3505623	3
3505656	-3
3505687	3
3505739	-3
3505770	3
3505788	-3
3506307	3
3507123	-3
3507137	3
3507157	-3
3507674	3
3508407	-3
3508839	3
3509405	-3
3509824	3
3510273	-3
3510724	3
3510937	-3
3510956	3
3510972	-3
3510990	3
3511006	-3
3511022	3
3511407	-3
3511421	3
3511439	-3
3511488	3
3511522	-3
3511540	3
3511590	-3
3511607	3
3511656	-3
3512121	3
3512139	-3
3512153	3
3512755	-3
3513190	3
3513223	-3
3513237	3
3513841	-3
3513855	3
3514039	-3
3514520	3
3514537	-3
3514555	3
3515207	-3
3515221	3
3515238	-3
3515704	3
3515724	-3
3515757	3
3515903	-3
3516040	3
3516054	-3
3516073	3
3516407	-3
3516420	3
3516489	-3
3516987	3
3517006	-3
3517020	3
3517937	-3
3518457	3
3519157	-3
3519622	3
3519640	-3
3519655	3
3520073	-3
3520758	3
3521807	-3
3522321	3
3522487	-3
3522671	3
3522690	-3
3522805	3
3522821	-3
3522858	3
3522873	-3
3522889	3
3522905	-3
3522921	3
3522940	-3
3522954	3
3523074	-3
3523590	3
3523637	-3
3523673	3
3524557	-3
3526037	3
3526053	-3
3526087	3
3526974	-3
3527405	3
3528307	-3
3528738	3
3528754	-3
3528774	3
3528789	-3
3528821	3
3529390	-3
3529871	3
3529889	-3
3529906	3
3530770	-3
3531187	3
3532104	-3
3534053	3
3534337	-3
3534355	3
3534621	-3
3534654	3
3534671	-3
3534703	3
3534723	-3
3535356	3
3536271	-3
3536888	3
3537887	-3
3538437	3
3538504	-3
3538556	3
3538572	-3
3538590	3
3538605	-3
3538622	3
3539121	-3
3539138	3
3539154	-3
3539171	3
3539188	-3
3539204	3
3539221	-3
3539238	3
3539254	-3
3539270	3
3539288	-3
3539304	3
3539321	-3
3539339	3
3539354	-3
3539855	3
3540803	-3
3541372	3
3542472	-3
3543172	3
3544821	-3
3546020	3
3546038	-3
3546054	3
3547270	-3
3547753	3
3547854	-3
3547871	3
3548770	-3
3549422	3
3549438	-3
3549454	3
3550223	-3
3550720	3
3550904	-3
3550921	3
3551272	-3
3551404	3
3551421	-3
3551438	3
3551454	-3
3551755	3
3551771	-3
3552706	3
3553655	-3
3553671	3
3553688	-3
3554155	3
3555072	-3
3555589	3
3557905	-3
3557922	3
3558155	-3
3558386	3
3558406	-3
3558422	3
3558439	-3
3563173	3
3563187	-3
3565620	3
3565637	-3
3566305	3
3566340	-3
3568272	3
3568289	-3
3569657	3
3569671	-3
3569902	3
3569920	-3
3570053	3
3570073	-3
3571056	3
3571072	-3
3575839	2
3575854	-2
3576288	2
3576303	-2
3576889	2
3576905	-2
3577273	2
3577287	-2
3580169	3
3580189	-3
3581903	3
3581937	-3
3581972	3
3582019	-3
3582055	3
3582107	-3
3582136	3
3582173	-3
3582206	3
3582254	-3
3582289	3
3582322	-3
3582355	3
3582406	-3
3582440	3
3582472	-3
3582520	3
3582536	-3
3582590	3
3582605	-3
3582673	3
3582688	-3
3582739	3
3582769	-3
3582820	3
3582857	-3
3582907	3
3582919	-3
3582973	3
3583005	-3
3583056	3
3583089	-3
3583119	3
3583174	-3
3583206	3
3583256	-3
3583287	3
3583319	-3
3583373	3
3583388	-3
3584003	3
3584040	-3
3584052	3
3584088	-3
3584156	3
3584189	-3
3584236	3
3584256	-3
3584307	3
3584336	-3
3584937	3
3584957	-3
3585005	3
3585022	-3
3585239	3
3585273	-3
3586023	3
3587588	-3
3588139	3
3588156	-3
3588186	3
3589040	-3
3589086	3
3589102	-3
3589122	3
3589136	-3
3589672	3
3589686	-3
3589720	3
3589757	-3
3589786	3
3590486	-3
3590953	3
3590970	-3
3590986	3
3591039	-3
3591071	3
3591302	-3
3591320	3
3591352	-3
3591386	3
3591454	-3
3591636	3
3591653	-3
3592086	3
3593956	-3
3593971	3
3593989	-3
3659155	3
3659170	-3
3659987	3
3660004	-3
3663154	3
3663204	-3
3663237	3
3663287	-3
3663320	3
3663354	-3
3663387	3
3663437	-3
3663487	3
3663503	-3
3664221	3
3664237	-3
3664354	3
3664371	-3
3664421	3
3664454	-3
3664487	3
3664537	-3
3665688	3
3665737	-3
3665787	3
3665804	-3
3667288	3
3667304	-3
3667320	3
3667687	-3
3667702	3
3667752	-3
3667787	3
3667838	-3
3667872	3
3667988	-3
3668671	3
3668804	-3
3668821	3
3669104	-3
3669121	3
3669236	-3
3669904	3
3669938	-3
3669969	3
3670254	-3
3670271	3
3670320	-3
3670337	3
3670555	-3
3670570	3
3670588	-3
3670602	3
3670621	-3
3670672	3
3670821	-3
3670837	3
3670854	-3
3670869	3
3670887	-3
3671353	3
3671368	-3
3671387	3
3671455	-3
3671471	3
3671485	-3
3671537	3
3671571	-3
3671604	3
3671638	-3
3671671	3
3671685	-3
3671705	3
3671720	-3
3671772	3
3671785	-3
3671820	3
3671872	-3
3671888	3
3671905	-3
3671920	3
3671938	-3
3671971	3
3672087	-3
3672121	3
3672138	-3
3672152	3
3672169	-3
3672221	3
3672321	-3
3672838	3
3673638	-3
3674305	3
3674338	-3
3674353	3
3675039	-3
3675055	3
3675121	-3
3675137	3
3675155	-3
3675605	3
3675621	-3
3675672	3
3675704	-3
3675720	3
3675736	-3
3675752	3
3675772	-3
3675787	3
3676271	-3
3676788	3
3676804	-3
3676856	3
3676889	-3
3676904	3
3676955	-3
3676972	3
3677022	-3
3677038	3
3677054	-3
3677071	3
3677105	-3
3677138	3
3677154	-3
3677169	3
3677187	-3
3677205	3
3677334	-3
3677355	3
3677489	-3
3677503	3
3677555	-3
3677586	3
3677622	-3
3678605	3
3679653	-3
3680638	3
3680671	-3
3680721	3
3680755	-3
3680805	3
3680839	-3
3680871	3
3680904	-3
3680955	3
3680988	-3
3681022	3
3681072	-3
3681088	3
3681135	-3
3681185	3
3681222	-3
3681255	3
3681271	-3
3681285	3
3681304	-3
3681354	3
3681371	-3
3681901	3
3681920	-3
3681938	3
3682804	-3
3683471	3
3683488	-3
3683538	3
3683551	-3
3683586	3
3683638	-3
3683671	3
3683685	-3
3683756	3
3683771	-3
3684702	3
3684721	-3
3684737	3
3684935	-3
3684951	3
3684969	-3
3684984	3
3685001	-3
3685020	3
3685038	-3
3685054	3
3685235	-3
3685253	3
3685304	-3
3685318	3
3685551	-3
3685569	3
3685620	-3
3685638	3
3685652	-3
3685672	3
3685688	-3
3685721	3
3685871	-3
3685888	3
3685904	-3
3685921	3
3685935	-3
3686854	3
3686871	-3
3687051	3
3687072	-3
3687122	3
3687155	-3
3687201	3
3687235	-3
3687254	3
3687271	-3
3687286	3
3687305	-3
3687321	3
3687337	-3
3687353	3
3687454	-3
3688004	3
3688035	-3
3688051	3
3688105	-3
3688139	3
3688189	-3
3688202	3
3688456	-3
3688471	3
3689055	-3
3689069	3
3689085	-3
3689106	3
3689118	-3
3689136	3
3689155	-3
3689722	3
3689755	-3
3689788	3
3689802	-3
3689852	3
3689888	-3
3689903	3
3689919	-3
3689936	3
3689968	-3
3690002	3
3690019	-3
3690035	3
3690053	-3
3690106	3
3690119	-3
3690168	3
3690187	-3
3690219	3
3690236	-3
3690254	3
3690268	-3
3690288	3
3690303	-3
3690319	3
3690353	-3
3690370	3
3690385	-3
3690402	3
3690419	-3
3691137	3
3691202	-3
3691221	3
3691285	-3
3691305	3
3691503	-3
3691520	3
3691537	-3
3691572	3
3691586	-3
3691652	3
3691669	-3
3691685	3
3691704	-3
3692519	3
3693457	-3
3693474	3
3693508	-3
3693542	3
3693560	-3
3694008	3
3694058	-3
3694074	3
3694807	-3
3694825	3
3694957	-3
3694975	3
3694992	-3
3695592	3
3695625	-3
3695659	3
3695692	-3
3695744	3
3695777	-3
3695810	3
3695842	-3
3695858	3
3695908	-3
3697025	3
3697041	-3
3697310	3
3697324	-3
3697375	3
3697392	-3
3697944	3
3697975	-3
3697992	3
3698409	-3
3698425	3
3698475	-3
3698492	3
3698509	-3
3698527	3
3698626	-3
3698659	3
3698710	-3
3698742	3
3698776	-3
3698791	3
3698810	-3
3699327	3
3699592	-3
3699609	3
3699676	-3
3699693	3
3699726	-3
3699743	3
3699759	-3
3699775	3
3699808	-3
3699826	3
3699843	-3
3700294	3
3700308	-3
3700409	3
3700442	-3
3700492	3
3700509	-3
3791631	4
3791813	-4
3791831	4
3791847	-4
3792114	4
3792131	-4
3792781	4
3792964	-4
3793081	4
3793115	-4
3793148	4
3793465	-4
3794098	4
3794181	-4
3794198	4
3794331	-4
3794348	4
3794365	-4
3794382	4
3794831	-4
3794847	4
3794880	-4
3794898	4
3794914	-4
3794933	4
3794948	-4
3795999	4
3796015	-4
3796148	4
3796165	-4
3796182	4
3796199	-4
3796214	4
3796232	-4
3796898	4
3796948	-4
3796965	4
3797182	-4
3797199	4
3797482	-4
3797514	4
3797531	-4
3797682	4
3797698	-4
3797765	4
3797798	-4
3797815	4
3797832	-4
3798331	4
3798682	-4
3799415	4
3799449	-4
3799466	4
3799482	-4
3799499	4
3799699	-4
3799715	4
3799732	-4
3800832	4
3800849	-4
3800899	4
3801032	-4
3801349	4
3801366	-4
3803199	4
3803215	-4
3803513	4
3803532	-4
3803562	4
3803765	-4
3804264	4
3804281	-4
3804381	4
3804592	-4
3804797	4
3804814	-4
3804865	4
3804929	-4
3804949	4
3804998	-4
3805015	4
3805048	-4
3805664	4
3805715	-4
3806764	4
3806778	-4
3807514	4
3807681	-4
3807746	4
3807778	-4
3807862	4
3807879	-4
3808029	4
3808078	-4
3808098	4
3808212	-4
3808230	4
3808249	-4
3808882	4
3808896	-4
3808931	4
3808978	-4
3809280	4
3809298	-4
3809314	4
3809366	-4
3810864	4
3810881	-4
3811431	4
3811446	-4
3811463	4
3811513	-4
3811546	4
3811581	-4
3811881	4
3811947	-4
3812299	4
3812314	-4
3813014	4
3813063	-4
3813247	4
3813365	-4
4091140	4
4091274	-4
4093357	4
4093557	-4
4095308	4
4095403	-4
4095638	4
4095654	-4
4095724	4
4095756	-4
4095787	4
4095856	-4
4095871	4
4095890	-4
4096637	4
4096653	-4
4096672	4
4096686	-4
4096703	4
4096756	-4
4096773	4
4096855	-4
4096872	4
4096990	-4
4097456	4
4097487	-4
4097505	4
4097522	-4
4098224	4
4098237	-4
4098256	4
4098607	-4
4098622	4
4098654	-4
4098706	4
4098740	-4
4098788	4
4098970	-4
4098988	4
4099055	-4
4099087	4
4099254	-4
4100056	4
4100070	-4
4100090	4
4100105	-4
4100288	4
4100307	-4
4100388	4
4100540	-4
4100923	4
4100938	-4
4153405	3
4153453	-3
4153472	3
4153487	-3
4154774	3
4154787	-3
4154807	3
4154822	-3
4156319	3
4156336	-3
4157355	4
4157371	-4
4157388	4
4157423	-4
4335231	4
4335246	-4
4336844	4
4336898	-4
4340196	4
4340214	-4
4342198	4
4342211	-4
4353344	4
4353361	-4
4353378	4
4353397	-4
4353411	4
4353430	-4
4353444	4
4353461	-4
4354028	4
4354045	-4
4354130	4
4354161	-4
4354177	4
4354228	-4
4354244	4
4354361	-4
4354394	4
4354427	-4
4354444	4
4354461	-4
4355311	4
4355330	-4
4355431	4
4355528	-4
4358479	4
4358494	-4
4363379	3
4363396	-3
4365263	3
4366379	-3
4366913	3
4368164	-3
4368763	3
4368929	-3
4368947	3
4368963	-3
4368980	3
4369113	-3
4369129	3
4370014	-3
4370030	3
4370047	-3
4370614	3
4370630	-3
4370664	3
4370714	-3
4370729	3
4372130	-3
4372144	3
4372164	-3
4372630	3
4372645	-3
4372697	3
4372713	-3
4372964	3
4372978	-3
4373031	3
4373044	-3
4373097	3
4373131	-3
4373180	3
4373214	-3
4373264	3
4373314	-3
4373364	3
4373377	-3
4373831	3
4374747	-3
4374762	3
4374778	-3
4375214	3
4375230	-3
4375245	3
4377280	-3
4377296	3
4377313	-3
4509042	4
4509059	-4
4516061	4
4516077	-4
4520195	4
4520211	-4
4531368	4
4531384	-4
4531917	4
4531933	-4
4534317	4
4534334	-4
4537133	4
4537151	-4
4543215	4
4543233	-4
4546618	4
4546633	-4
4551749	4
4551768	-4
4553165	4
4553185	-4
4823428	4
4823545	-4
4824195	4
4824211	-4
4829526	4
4829545	-4
4831963	4
4831975	-4
4836630	4
4836642	-4
5096194	5
5096211	-5
5097442	5
5097462	-5
5110043	5
5110058	-5
5112108	5
5112126	-5
5114143	5
5114159	-5
5114544	5
5114577	-5
5116375	5
5116392	-5
5117627	5
5117641	-5
5117661	5
5117676	-5
5118758	5
5118777	-5
5121961	5
5121977	-5
5126462	5
5126476	-5
5127340	5
5127361	-5
5128191	5
5128211	-5
5128591	5
5128609	-5
5132627	5
5132643	-5
5133061	5
5133076	-5
5139442	5
5139460	-5
5140412	5
5140428	-5
5141196	5
5141212	-5
5142144	5
5142160	-5
5748090	2
5748138	-2
5748154	2
5748222	-2
5748237	2
5748473	-2
5748489	2
5748554	-2
5749905	2
5749923	-2
5750272	2
5750289	-2
5768655	4
5768671	-4
5783605	4
5783621	-4
5802538	4
5802555	-4
5813735	4
5813752	-4
5813769	4
5814004	-4
5814604	4
5814621	-4
5814669	4
5814686	-4
5814771	4
5815089	-4
5815119	4
5815203	-4
5815219	4
5815335	-4
5815986	4
5816021	-4
5816069	4
5816152	-4
5816336	4
5816869	-4
5817005	4
5817019	-4
5820169	4
5820236	-4
5823137	4
5823187	-4
5823237	4
5823303	-4
5823989	4
5824021	-4
5824037	4
5824053	-4
5824070	4
5824286	-4
5824487	4
5824620	-4
5824653	4
5824669	-4
5825269	4
5825287	-4
5831354	4
5831471	-4
5831703	4
5832021	-4
5832521	4
5832538	-4
5832555	4
5832586	-4
5832672	4
5832755	-4
5832794	4
5833007	-4
5833074	4
5833560	-4
5833641	4
5834544	-4
5834559	4
5834573	-4
5896026	5
5896039	-5
5912543	2
5912576	-2
5912623	2
5912675	-2
5912693	2
5912727	-2
5912776	2
5912792	-2
5914825	2
5914876	-2
5916890	2
5916909	-2
5918942	2
5918959	-2
5923490	2
5923506	-2
5925073	2
5925091	-2
6008690	3
6008706	-3
6009688	3
6009705	-3
6010074	3
6010088	-3
6010758	3
6010774	-3
6011438	3
6011456	-3
6012207	3
6012273	-3
6012288	3
6012355	-3
6012389	3
6012422	-3
6012475	3
6012507	-3
6012557	3
6012574	-3
6012639	3
6012691	-3
6012705	3
6012741	-3
6012788	3
6012805	-3
6012825	3
6012838	-3
6014290	3
6014440	-3
6014457	3
6014656	-3
6014691	3
6014722	-3
6014776	3
6014808	-3
6014824	3
6014841	-3
6016825	3
6016875	-3
6016907	3
6016956	-3
6016992	3
6017041	-3
6017055	3
6017275	-3
6017291	3
6017325	-3
6017373	3
6017405	-3
6018125	3
6018140	-3
6018191	3
6018225	-3
6018256	3
6018308	-3
6018340	3
6018374	-3
6018423	3
6018441	-3
6018489	3
6018557	-3
6018588	3
6018609	-3
6018739	3
6018756	-3
6019573	3
6019607	-3
6019641	3
6019691	-3
6019707	3
6019842	-3
6019854	3
6019921	-3
6019938	3
6019992	-3
6020024	3
6020072	-3
6020091	3
6020108	-3
6020121	3
6020139	-3
6020172	3
6020208	-3
6020259	3
6020273	-3
6021941	3
6021957	-3
6022174	3
6022208	-3
6022222	3
6022272	-3
6022307	3
6022441	-3
6022457	3
6022525	-3
6022541	3
6022555	-3
6022576	3
6022590	-3
6023089	3
6023124	-3
6023156	3
6023175	-3
6023223	3
6023258	-3
6023308	3
6023338	-3
6023389	3
6023406	-3
6023442	3
6023557	-3
6023588	3
6023624	-3
6023658	3
6023672	-3
6023690	3
6023724	-3
6023739	3
6023755	-3
6023773	3
6023790	-3
6024354	3
6024605	-3
6024625	3
6024740	-3
6024755	3
6024808	-3
6024839	3
6024875	-3
6025441	3
6025457	-3
6025505	3
6025540	-3
6025575	3
6025688	-3
6025706	3
6025841	-3
6025855	3
6026274	-3
6026292	3
6026308	-3
6026324	3
6026341	-3
6026390	3
6026438	-3
6026455	3
6026506	-3
6027321	3
6027840	-3
6027857	3
6027925	-3
6028538	3
6028555	-3
6028571	3
6029225	-3
6029906	3
6029940	-3
6029958	3
6030456	-3
6030472	3
6030491	-3
6031190	3
6031205	-3
6031240	3
6031274	-3
6031290	3
6031941	-3
6032524	3
6032791	-3
6033041	3
6033072	-3
6033174	3
6033208	-3
6033224	3
6033275	-3
6034024	3
6034074	-3
6034091	3
6034141	-3
6034157	3
6034291	-3
6034307	3
6034591	-3
6034607	3
6034658	-3
6034689	3
6034707	-3
6035239	3
6035258	-3
6035275	3
6035308	-3
6035341	3
6035391	-3
6035408	3
6035691	-3
6035707	3
6035739	-3
6036341	3
6036357	-3
6036374	3
6036388	-3
6036408	3
6036440	-3
6036475	3
6036541	-3
6036575	3
6036591	-3
6036791	3
6036806	-3
6036873	3
6036890	-3
6036942	3
6036957	-3
6037456	3
6037475	-3
6037558	3
6037624	-3
6037640	3
6037655	-3
6037671	3
6037721	-3
6037738	3
6038007	-3
6038023	3
6038072	-3
6038138	3
6038156	-3
6038208	3
6038224	-3
6038274	3
6038308	-3
6038357	3
6038392	-3
6039358	3
6039373	-3
6039389	3
6039405	-3
6039454	3
6039475	-3
6039522	3
6039558	-3
6039591	3
6039623	-3
6039691	3
6039707	-3
6039758	3
6039774	-3
6039857	3
6039873	-3
6434943	4
6434957	-4
6435560	4
6435573	-4
6435840	4
6435860	-4
6436826	4
6436840	-4
6436906	4
6436924	-4
6437041	4
6437057	-4
6437509	4
6437524	-4
6437824	4
6437842	-4
6439391	4
6439407	-4
6439424	4
6439442	-4
6439706	4
6439726	-4
6440224	4
6440241	-4
6440540	4
6440558	-4
6441974	4
6441991	-4
6443341	4
6443357	-4
6443958	4
6443975	-4
6445107	4
6445125	-4
6446158	4
6446175	-4
6446708	4
6446724	-4
6447259	4
6447274	-4
6447675	4
6447692	-4
6448275	4
6448292	-4
6448341	4
6448441	-4
6448575	4
6448592	-4
6449226	4
6449242	-4
6449525	4
6449541	-4
6450493	4
6450506	-4
6451025	4
6451041	-4
6451409	4
6451426	-4
6451856	4
6451876	-4
6452909	4
6452926	-4
6452940	4
6452959	-4
6452973	4
6452992	-4
6453008	4
6453026	-4
6453242	4
6453259	-4
6453725	4
6453739	-4
6454142	4
6454159	-4
6722921	2
6722938	-2
6738571	4
6738588	-4
6740054	4
6740071	-4
6740237	4
6740252	-4
6740269	4
6740287	-4
6743320	4
6743337	-4
6743387	4
6743404	-4
6743421	4
6743454	-4
6743468	4
6743521	-4
6744237	4
6744271	-4
6744637	4
6744870	-4
6744886	4
6745055	-4
6746186	4
6746323	-4
6746370	4
6746538	-4
6747468	4
6747538	-4
6749455	4
6749469	-4
6749538	4
6749570	-4
6749587	4
6749735	-4
6750004	4
6750319	-4
6750354	4
6750419	-4
6751321	4
6751406	-4
6751419	4
6751436	-4
6751452	4
6751886	-4
6751902	4
6751921	-4
6751973	4
6752120	-4
6752136	4
6752270	-4
6752302	4
6752320	-4
6792804	4
6792838	-4
6794204	4
6794237	-4
6795621	4
6795685	-4
6796520	4
6796552	-4
6796572	4
6796587	-4
6797834	4
6797868	-4
6799072	4
6799087	-4
6799119	4
6799138	-4
6800672	4
6800705	-4
6800721	4
6800735	-4
6802652	4
6802720	-4
6804822	4
6804835	-4
6806337	4
6806353	-4
6806418	4
6806454	-4
6807919	4
6807934	-4
6809869	4
6809885	-4
6810921	4
6810957	-4
6810989	4
6811006	-4
6812489	4
6812507	-4
6815854	4
6815907	-4
6815971	4
6815988	-4
6875970	4
6875989	-4
6885487	4
6885504	-4
6894438	4
6894454	-4
6900668	2
6900687	-2
6924918	3
6924936	-3
6926453	2
6926469	-2
6926552	2
6926569	-2
6927169	2
6927269	-2
6927602	2
6927701	-2
6927718	2
6927735	-2
6928455	2
6928487	-2
6928502	2
6928519	-2
6928535	2
6928554	-2
6928586	2
6928619	-2
6928653	2
6928705	-2
6928736	2
6928754	-2
6929318	2
6929337	-2
6929385	2
6929419	-2
6929455	2
6929487	-2
6929537	2
6929569	-2
6929602	2
6929636	-2
6930355	2
6930368	-2
6930386	2
6930804	-2
6930819	2
6931236	-2
6931252	2
6931269	-2
6931835	2
6931854	-2
6931869	2
6931886	-2
6931904	2
6931919	-2
6932069	2
6932086	-2
6933469	2
6933486	-2
6933538	2
6933572	-2
6933619	2
6933653	-2
6934020	2
6934036	-2
6934103	2
6934121	-2
6934153	2
6934203	-2
6936786	2
6936803	-2
6936819	2
6937169	-2
6937203	2
6937236	-2
6937270	2
6937319	-2
6937334	2
6937386	-2
6937403	2
6938486	-2
6939953	2
6940020	-2
6940036	2
6940069	-2
6940103	2
6940136	-2
6940187	2
6940203	-2
6940637	2
6940653	-2
6940703	2
6940720	-2
6940770	2
6940804	-2
6940853	2
6940870	-2
6940936	2
6940953	-2
6941006	2
6941037	-2
6941254	2
6941270	-2
6942136	2
6942155	-2
6942220	2
6942237	-2
6942287	2
6942321	-2
6942370	2
6942387	-2
6942436	2
6942471	-2
6942603	2
6942621	-2
6942737	2
6942754	-2
6943654	2
6943671	-2
6943720	2
6943737	-2
6943787	2
6943820	-2
6943854	2
6943887	-2
6943921	2
6943970	-2
6944004	2
6944037	-2
6944086	2
6944121	-2
6944155	2
6944204	-2
6944220	2
6944270	-2
6944303	2
6944354	-2
6944386	2
6944404	-2
6945689	2
6945704	-2
6945737	2
6945771	-2
6945821	2
6945838	-2
6945904	2
6945921	-2
6946037	2
6946070	-2
6946104	2
6946152	-2
6946170	2
6946304	-2
6946320	2
6946385	-2
6946404	2
6946702	-2
6946721	2
6946738	-2
6949588	3
6949621	-3
6949654	3
6950004	-3
6950071	3
6950087	-3
6950105	3
6950254	-3
6951088	3
6951755	-3
6955405	3
6955419	-3
6955438	3
6955454	-3
6956421	3
6956435	-3
6957321	3
6957337	-3
6957354	3
6957369	-3
6957985	3
6958003	-3
7010002	3
7010020	-3
7010820	3
7010836	-3
7011768	3
7011787	-3
7012518	3
7012552	-3
7012622	3
7012668	-3
7012701	3
7012735	-3
7012770	3
7012818	-3
7012855	3
7012904	-3
7012919	3
7013054	-3
7013068	3
7013136	-3
7013152	3
7013221	-3
7013237	3
7013304	-3
7013317	3
7013368	-3
7013402	3
7013436	-3
7013521	3
7013536	-3
7014020	3
7014036	-3
7014068	3
7014118	-3
7014170	3
7014204	-3
7014238	3
7014268	-3
7014318	3
7014372	-3
7014387	3
7014436	-3
7014471	3
7014521	-3
7014554	3
7014604	-3
7014638	3
7014670	-3
7014720	3
7014737	-3
7015603	3
7015617	-3
7015721	3
7015750	-3
7015787	3
7016388	-3
7016437	3
7016471	-3
7016538	3
7016554	-3
7016620	3
7016636	-3
7016701	3
7016719	-3
7016768	3
7016802	-3
7016868	3
7016886	-3
7017005	3
7017018	-3
7017619	3
7017637	-3
7017671	3
7017686	-3
7017755	3
7018054	-3
7018069	3
7018137	-3
7018171	3
7018218	-3
7018252	3
7018284	-3
7018303	3
7018318	-3
7019384	3
7019405	-3
7019453	3
7019504	-3
7019537	3
7019570	-3
7019638	3
7019654	-3
7020138	3
7020153	-3
7020204	3
7020235	-3
7020270	3
7021287	-3
7053352	4
7053369	-4
7053385	4
7053401	-4
7054936	4
7054953	-4
7054968	4
7055070	-4
7065737	2
7065750	-2
7065768	2
7065783	-2
7067701	2
7067717	-2
7067738	2
7067752	-2
7067971	2
7068020	-2
7068033	2
7068069	-2
7068352	2
7068370	-2
7068454	2
7068470	-2
7070337	2
7070387	-2
7070868	2
7070887	-2
7074067	2
7074104	-2
7074137	2
7074184	-2
7074235	2
7074251	-2
7074317	2
7074337	-2
7074367	2
7074483	-2
7074534	2
7074553	-2
7074685	2
7074717	-2
7074770	2
7074803	-2
7074937	2
7074953	-2
7075004	2
7075036	-2
7075187	2
7075202	-2
7076836	2
7076937	-2
7101919	4
7101935	-4
7103836	2
7103852	-2
7104969	2
7104986	-2
7108718	2
7108735	-2
7109553	2
7109567	-2
7110853	2
7110885	-2
7111920	2
7111935	-2
7113319	2
7113336	-2
7114867	2
7114883	-2
7116733	2
7116750	-2
7116766	2
7116783	-2
7118636	2
7118651	-2
7120151	2
7120186	-2
7125002	2
7125019	-2
7153083	5
7153102	-5
7153115	5
7153134	-5
7153366	5
7153382	-5
7156067	5
7156086	-5
7158134	5
7158151	-5
7159034	5
7159051	-5
7162185	5
7162201	-5
7163651	5
7163668	-5
7165002	5
7165018	-5
7166485	5
7166501	-5
7171253	5
7171267	-5
7172853	5
7172868	-5
7174267	5
7174286	-5
7182485	5
7182502	-5
7184000	5
7184019	-5
7190702	5
7190715	-5
7194053	5
7194065	-5
7195449	5
7195469	-5
7198799	5
7198816	-5
7199399	5
7199416	-5
7199950	5
7199966	-5
7202367	5
7202383	-5
7203449	5
7203467	-5
7209634	3
7209650	-3
7210050	3
7210067	-3
7210134	3
7210167	-3
7210201	3
7210251	-3
7210283	3
7210316	-3
7210367	3
7210400	-3
7210433	3
7210466	-3
7210517	3
7210550	-3
7210584	3
7210600	-3
7210633	3
7210650	-3
7211434	3
7211451	-3
7211467	3
7212801	-3
7212818	3
7212834	-3
7216968	3
7216984	-3
7217000	3
7217017	-3
7217035	3
7217048	-3
7217065	3
7217085	-3
7217101	3
7217118	-3
7218018	3
7218035	-3
7218868	3
7218883	-3
7218902	3
7219184	-3
7219199	3
7219218	-3
7223219	3
7223234	-3
7223436	3
7223449	-3
7223485	3
7223518	-3
7223568	3
7223602	-3
7223635	3
7223667	-3
7223716	3
7223733	-3
7223801	3
7223817	-3
7223851	3
7223885	-3
7223915	3
7223951	-3
7224001	3
7224035	-3
7224069	3
7224115	-3
7224134	3
7224166	-3
7224233	3
7224249	-3
7224285	3
7224315	-3
7224352	3
7224400	-3
7224432	3
7224486	-3
7234969	3
7234985	-3
7237066	3
7237967	-3
7239235	3
7239266	-3
7239285	3
7239331	-3
7239402	3
7239416	-3
7242884	3
7242901	-3
7242915	3
7242952	-3
7243098	3
7243118	-3
7243181	3
7243199	-3
7243235	3
7243266	-3
7243331	3
7243348	-3
7243417	3
7243434	-3
7243485	3
7243515	-3
7243568	3
7243601	-3
7243631	3
7243685	-3
7250349	3
7250418	-3
7250434	3
7250502	-3
7250515	3
7250600	-3
7250782	3
7250802	-3
7267966	3
7267985	-3
7268948	3
7268968	-3
7269267	3
7269285	-3
7269817	3
7269851	-3
7269901	3
7269935	-3
7269985	3
7269998	-3
7270031	3
7270049	-3
7270584	3
7270600	-3
7270985	3
7271000	-3
7271566	3
7271585	-3
7271967	3
7271983	-3
7272601	3
7272617	-3
7272632	3
7272668	-3
7273033	3
7273050	-3
7273567	3
7273581	-3
7273600	3
7273633	-3
7273948	3
7273968	-3
7274485	3
7274501	-3
7274531	3
7274550	-3
7274598	3
7274617	-3
7274750	3
7274785	-3
7274801	3
7274918	-3
7274952	3
7274984	-3
7274997	3
7275018	-3
7276885	3
7276898	-3
7277416	3
7277431	-3
7278234	3
7278368	-3
7278401	3
7278431	-3
7278465	3
7278498	-3
7278531	3
7278568	-3
7278601	3
7278701	-3
7278731	3
7278751	-3
7279218	3
7279234	-3
7279417	3
7279533	-3
7279582	3
7279618	-3
7279685	3
7279865	-3
7279885	3
7279901	-3
7280385	3
7280400	-3
7281099	3
7281815	-3
7330983	4
7331083	-4
7332051	4
7332065	-4
7333851	4
7333933	-4
7333951	4
7334001	-4
7334701	4
7334850	-4
7334866	4
7335184	-4
7335264	4
7335331	-4
7335351	4
7335365	-4
7335383	4
7335398	-4
7335434	4
7335568	-4
7336449	4
7336535	-4
7339251	4
7339264	-4
7339584	4
7339600	-4
7339933	4
7339965	-4
7340149	4
7340167	-4
7340981	4
7340998	-4
7341401	4
7341417	-4
7341914	4
7341934	-4
7342867	4
7342880	-4
7344067	4
7344083	-4
7344767	4
7344781	-4
7345383	4
7345399	-4
7345748	4
7345765	-4
7346434	4
7346448	-4
7346900	4
7346916	-4
7347848	4
7347864	-4
7348934	4
7348950	-4
7350449	4
7350467	-4
7352114	4
7352132	-4
7352649	4
7352667	-4
7353818	4
7353833	-4
7354233	4
7354250	-4
7354651	4
7354664	-4
7355017	4
7355051	-4
7356182	4
7356201	-4
7356566	4
7356582	-4
7357764	4
7357784	-4
7358948	4
7358967	-4
7359214	4
7359234	-4
7359250	4
7359367	-4
7359617	4
7359632	-4
7359982	4
7360000	-4
7360714	4
7360732	-4
7361117	4
7361133	-4
7361717	4
7361732	-4
7362401	4
7362416	-4
7367347	4
7367382	-4
7367398	4
7367418	-4
7367684	4
7367734	-4
7367849	4
7367896	-4
7367934	4
7367948	-4
7368399	4
7368415	-4
7368433	4
7368480	-4
7369482	4
7369497	-4
7369513	4
7369534	-4
7369550	4
7369567	-4
7369930	4
7369947	-4
7369965	4
7369981	-4
7370001	4
7370015	-4
7370068	4
7370099	-4
7370150	4
7370333	-4
7370349	4
7370481	-4
7370517	4
7370583	-4
7371284	4
7371467	-4
7371534	4
7371600	-4
7371634	4
7371866	-4
7371930	4
7371949	-4
7373833	4
7373850	-4
7374084	4
7374099	-4
7374715	4
7374733	-4
7375649	4
7375682	-4
7375783	4
7375799	-4
7375815	4
7375933	-4
7376330	4
7376880	-4
7376896	4
7377100	-4
7378348	4
7378367	-4
7378383	4
7378399	-4
7378433	4
7378449	-4
7378566	4
7378717	-4
7379232	4
7379249	-4
7379367	4
7379417	-4
7379516	4
7379716	-4
7379732	4
7379816	-4
7379832	4
7380115	-4
7380147	4
7380516	-4
7380532	4
7380549	-4
7380683	4
7380699	-4
7380716	4
7380733	-4
7380750	4
7380782	-4
7380799	4
7381599	-4
7381615	4
7381649	-4
7381666	4
7382049	-4
7382083	4
7382099	-4
7383334	4
7383349	-4
7383400	4
7383432	-4
7383516	4
7383566	-4
7383700	4
7384166	-4
7384516	4
7384765	-4
7384866	4
7385733	-4
7385765	4
7385814	-4
7385848	4
7385866	-4
7385896	4
7385967	-4
7385983	4
7385998	-4
7386133	4
7386147	-4
7386200	4
7386713	-4
7386732	4
7386747	-4
7386768	4
7387166	-4
7387265	4
7387334	-4
7388300	4
7388316	-4
7388331	4
7388349	-4
7388483	4
7388583	-4
7388766	4
7388899	-4
7389434	4
7389467	-4
7389834	4
7389900	-4
7389933	4
7390047	-4
7390083	4
7390114	-4
7391665	4
7391683	-4
7391716	4
7391750	-4
7392430	4
7392484	-4
7392499	4
7392550	-4
7392850	4
7392863	-4
7393500	4
7393598	-4
7393613	4
7393666	-4
7393884	4
7393931	-4
7393951	4
7394100	-4
7394283	4
7394847	-4
7394867	4
7395000	-4
7396183	4
7396267	-4
7396864	4
7396916	-4
7397446	4
7397516	-4
7397547	4
7398098	-4
7398116	4
7398784	-4
7398866	4
7398883	-4
7401631	4
7401650	-4
7401665	4
7401683	-4
7401867	4
7401999	-4
7402033	4
7402118	-4
7402150	4
7402165	-4
7402667	4
7402699	-4
7403667	4
7403880	-4
7403917	4
7403932	-4
7403967	4
7403983	-4
7404084	4
7404283	-4
7404383	4
7404880	-4
7405151	4
7405367	-4
7405516	4
7405700	-4
7406329	4
7406400	-4
7406450	4
7406466	-4
7406517	4
7406532	-4
7406616	4
7406630	-4
7406650	4
7406832	-4
7406917	4
7406997	-4
7407017	4
7407029	-4
7407084	4
7407099	-4
7407583	4
7407599	-4
7407617	4
7408249	-4
7408283	4
7408299	-4
7408479	4
7408684	-4
7408766	4
7409063	-4
7409113	4
7409316	-4
7410380	4
7410398	-4
7410530	4
7410600	-4
7410834	4
7410848	-4
7410980	4
7410997	-4
7411017	4
7411146	-4
7411167	4
7411201	-4
7500012	4
7500032	-4
7500046	4
7500081	-4
7500115	4
7500129	-4
7500148	4
7500165	-4
7505680	4
7505832	-4
7505848	4
7505864	-4
7508347	4
7508363	-4
7514466	4
7514515	-4
7514663	4
7514682	-4
7518882	4
7518913	-4
7724631	3
7724646	-3
7725614	3
7725627	-3
7726813	3
7726829	-3
7728615	3
7728629	-3
7728661	3
7728712	-3
7728730	3
7728779	-3
7728813	3
7729043	-3
7729080	3
7729296	-3
7729328	3
7729347	-3
7729780	3
7729810	-3
7730513	3
7730529	-3
7731462	3
7731480	-3
7731997	3
7732013	-3
7732746	3
7732763	-3
7734764	3
7734780	-3
7734795	3
7734847	-3
7734861	3
7735063	-3
7735080	3
7735096	-3
7735180	3
7735194	-3
7735229	3
7735246	-3
7735729	3
7735810	-3
7735846	3
7736112	-3
7739227	4
7739244	-4
7739262	4
7739331	-4
7739395	4
7739410	-4
7739462	4
7739497	-4
7740495	4
7740629	-4
7740678	4
7740814	-4
7740864	4
7741010	-4
7741610	4
7741631	-4
7741694	4
7741712	-4
7741744	4
7741977	-4
7742960	4
7743211	-4
7743227	4
7743477	-4
7745278	4
7745394	-4
7745827	4
7745844	-4
7745927	4
7745944	-4
7746644	2
7746662	-2
7747547	2
7747561	-2
7747627	4
7747727	-4
7747777	4
7747912	2
7747926	-2
7747964	-4
7747994	4
7748011	-4
7749643	4
7749694	-4
7749730	4
7749844	-4
7749864	4
7749877	-4
7751164	4
7751178	-4
7751244	4
7751261	-4
7751277	4
7751294	-4
7751427	4
7751477	-4
7751494	4
7751544	-4
7751578	4
7751794	-4
7751810	4
7751930	-4
7752478	2
7752494	-2
7753095	2
7753110	-2
7753511	2
7753528	-2
7753594	4
7753610	-4
7753662	4
7753728	-4
7753744	4
7753795	-4
7753811	4
7753828	-4
7753845	4
7753861	-4
7753911	4
7754011	2
7754028	-2
7754062	-4
7754078	4
7754145	-4
7754311	2
7754328	-2
7756479	2
7756511	-2
7757162	2
7757178	-2
7758428	2
7758445	-2
7759162	2
7759178	-2
7759245	2
7759262	-2
7760079	2
7760095	-2
7760829	2
7760845	-2
7761379	2
7761512	-2
7761546	2
7761579	-2
7761629	2
7761646	-2
7761696	2
7761713	-2
7761729	2
7761746	-2
7762279	2
7762328	-2
7762346	2
7762363	-2
7762529	2
7762546	-2
7762596	2
7762612	-2
7762646	2
7762679	-2
7762696	2
7762746	-2
7762779	2
7762796	-2
7762846	2
7762879	-2
7762896	2
7762929	-2
7762979	2
7762996	-2
7763028	2
7763063	-2
7763096	2
7763113	-2
7763579	2
7763596	-2
7763613	2
7763646	-2
7763679	2
7763713	-2
7763745	2
7763779	-2
7763812	2
7764380	-2
7764413	2
7764430	-2
7765695	2
7765711	-2
7766280	2
7766296	-2
7766762	2
7766777	-2
7767313	2
7767327	-2
7767960	2
7767980	-2
7768564	2
7768896	-2
7768930	2
7768946	-2
7770576	2
7770597	-2
7779663	4
7779694	-4
7780960	4
7780980	-4
7784363	4
7784378	-4
7785513	4
7785529	-4
7787643	4
7787660	-4
7800062	4
7800078	-4
7802077	4
7802095	-4
7802111	4
7802126	-4
7808443	4
7808460	-4
7809877	4
7809910	-4
7811111	4
7811126	-4
7818629	4
7818645	-4
7821545	2
7821562	-2
7821611	2
7821628	-2
7821679	2
7821712	-2
7821762	2
7821795	-2
7821845	2
7821862	-2
7821928	2
7821943	-2
7821995	2
7822011	-2
7822062	2
7822079	-2
7822845	2
7823611	-2
7823629	2
7823645	-2
7824029	2
7825395	-2
7825925	2
7825976	-2
7826009	2
7827427	-2
7898792	4
7898828	-4
7898861	4
7898878	-4
7920543	5
7920559	-5
8214159	4
8214325	-4
8220491	4
8220508	-4
8224222	4
8224239	-4
8226088	4
8226105	-4
8226658	4
8226688	-4
8227424	4
8227438	-4
8231504	4
8231521	-4
8629906	4
8629923	-4
8631174	4
8631187	-4
8784023	4
8784038	-4
8785553	3
8785588	-3
8785623	3
8785638	-3
8785672	3
8785688	-3
8785705	3
8785755	-3
8785788	3
8785856	-3
8785889	3
8785920	-3
8785938	3
8785954	-3
8785988	3
8786155	-3
8786170	3
8786239	-3
8787122	3
8787155	-3
8787206	3
8787238	-3
8787286	3
8787304	-3
8814604	3
8814621	-3
8815054	3
8815071	-3
8815588	3
8815604	-3
8816101	3
8816122	-3
8817389	3
8817404	-3
8817621	3
8817638	-3
8817669	3
8818068	-3
8819020	3
8819035	-3
8819102	3
8819235	-3
8819269	3
8819288	-3
8821354	3
8821368	-3
8821522	3
8821535	-3
8821589	3
8821604	-3
8821870	3
8821887	-3
8821902	3
8821919	-3
8821970	3
8821986	-3
8822622	3
8822686	-3
8822705	3
8822755	-3
8822786	3
8823038	-3
8823055	3
8823220	-3
8823237	3
8823304	-3
8825120	3
8825134	-3
8825405	3
8825822	-3
8826504	3
8826521	-3
8827204	3
8827221	-3
8828422	3
8828755	-3
8828769	3
8828819	-3
8828851	3
8828901	-3
8828936	3
8828985	-3
8829039	3
8829053	-3
8829069	3
8829087	-3
8830005	3
8830252	-3
8830270	3
8830421	-3
8830470	3
8830685	-3
8830702	3
8830720	-3
8831453	3
8831470	-3
8831488	3
8831701	-3
8831722	3
8831886	-3
8831901	3
8832171	-3
8832185	3
8832251	-3
8832268	3
8832286	-3
8832885	3
8833387	-3
8833402	3
8833472	-3
8833504	3
8833521	-3
8834037	3
8834618	-3
8835819	3
8836036	-3
8836086	3
8836139	-3
8836171	3
8836220	-3
8836272	3
8836286	-3
8838137	3
8838152	-3
8838169	3
8838219	-3
8838855	3
8838871	-3
8839538	3
8839621	-3
8839635	3
8839652	-3
8839672	3
8839719	-3
8839753	3
8839768	-3
8839853	3
8839871	-3
8839922	3
8839934	-3
8840021	3
8840038	-3
8840921	3
8841238	-3
8841271	3
8841321	-3
8841388	3
8841404	-3
8841687	3
8841705	-3
8842304	3
8842454	-3
8842470	3
8842488	-3
8843569	3
8843654	-3
8843671	3
8843804	-3
8843871	3
8843905	-3
8843951	3
8843988	-3
8845338	3
8845422	-3
8845437	3
8845451	-3
8845470	3
8845504	-3
8846955	3
8847205	-3
8847221	3
8847235	-3
8894786	4
8894805	-4
8897770	4
8897787	-4
8904687	4
8904704	-4
8925370	3
8925387	-3
8926968	3
8926987	-3
8928036	3
8928052	-3
8928586	3
8928604	-3
8929088	3
8929104	-3
8930103	3
8930119	-3
8931120	3
8931134	-3
8932020	3
8932037	-3
8933335	3
8933351	-3
8934637	3
8934653	-3
8935286	3
8935303	-3
8937604	3
8937620	-3
8939487	3
8939503	-3
8940619	3
8940637	-3
8943450	4
8943504	-4
8943520	4
8943534	-4
8943720	4
8943734	-4
8944800	4
8944817	-4
8945984	4
8946004	-4
8947137	4
8947153	-4
8948471	4
8948483	-4
8949169	4
8949186	-4
8949351	4
8949384	-4
8949404	4
8949436	-4
8949736	4
8949752	-4
8951652	4
8951821	-4
8951867	4
8951885	-4
8953150	4
8953170	-4
8954167	4
8954187	-4
8954587	4
8954603	-4
8955687	4
8955700	-4
8957367	4
8957387	-4
8957487	4
8957687	-4
8959885	4
8959903	-4
8962955	4
8962967	-4
8963667	4
8963684	-4
8965801	4
8965817	-4
8967184	4
8967201	-4
8969201	4
8969218	-4
8972468	4
8972485	-4
8974769	4
8974785	-4
8975752	4
8975769	-4
8976936	4
8976952	-4
8977369	4
8977386	-4
8990371	4
8990384	-4
9011950	3
9011970	-3
9012969	3
9012987	-3
9013003	3
9013019	-3
9013170	3
9013183	-3
9013719	3
9013736	-3
9013752	3
9013770	-3
9013786	3
9013802	-3
9013850	3
9013870	-3
9013949	3
9013970	-3
9015119	4
9015135	-4
9051752	3
9051769	-3
9051885	3
9051936	-3
9051951	3
9051986	-3
9052036	3
9052069	-3
9052103	3
9052152	-3
9052167	3
9052220	-3
9052252	3
9052320	-3
9052335	3
9052349	-3
9053150	3
9053169	-3
9053502	3
9053518	-3
9055284	3
9055301	-3
9059336	3
9059352	-3
9059368	3
9059486	-3
9059519	3
9059550	-3
9059582	3
9059632	-3
9059653	3
9059702	-3
9059736	3
9059770	-3
9059817	3
9059853	-3
9059885	3
9059920	-3
9059949	3
9059969	-3
9060968	3
9060985	-3
9063982	3
9064004	-3
9064018	3
9064033	-3
9064349	3
9064366	-3
9064632	3
9064653	-3
9066268	3
9066304	-3
9066432	3
9066500	-3
9066516	3
9066566	-3
9066584	3
9066784	-3
9066801	3
9066815	-3
9067732	3
9067753	-3
9067787	3
9067835	-3
9067865	3
9067900	-3
9067935	3
9067970	-3
9068020	3
9068053	-3
9068086	3
9068116	-3
9070570	3
9070784	-3
9070799	3
9070852	-3
9070866	3
9070916	-3
9070953	3
9071070	-3
9071101	3
9071119	-3
9073683	3
9073699	-3
9074983	3
9075000	-3
9075117	3
9075132	-3
9075150	3
9075166	-3
9075184	3
9075200	-3
9075249	3
9075266	-3
9075483	3
9075499	-3
9076782	3
9077383	-3
9087801	4
9087818	-4
9088668	4
9088718	-4
9093069	4
9093082	-4
9093849	4
9093869	-4
9098501	4
9098519	-4
9102532	4
9102548	-4
9105486	4
9105501	-4
9107185	4
9107200	-4
9109866	4
9109902	-4
9113717	4
9113749	-4
9115348	4
9115383	-4
9123299	4
9123315	-4
9128918	4
9128952	-4
9140719	4
9140732	-4
9142333	4
9142351	-4
9146567	4
9146584	-4
9287420	4
9287454	-4
9288238	4
9288287	-4
9289121	4
9289137	-4
9290221	4
9290271	-4
9290987	4
9291038	-4
9291588	4
9291638	-4
9294921	4
9294935	-4
9294955	4
9294971	-4
9298287	4
9298321	-4
9301105	4
9301121	-4
9311055	4
9311071	-4
9315018	4
9315035	-4
9785115	3
9785181	-3
9785432	3
9785446	-3
10152274	3
10152291	-3
10152310	3
10152642	-3
10153361	3
10153411	-3
10153444	3
10153875	-3
10155541	3
10155745	-3
10156192	3
10156208	-3
10156477	3
10156525	-3
10156559	3
10156691	-3
10156708	3
10156725	-3
10277758	4
10277773	-4
10278873	4
10278889	-4
10281192	4
10281207	-4
10285023	4
10285041	-4
10286243	4
10286258	-4
10287707	4
10287727	-4
10288861	4
10288874	-4
10291892	4
10291909	-4
10300874	4
10300891	-4
10306708	4
10306724	-4
10308941	4
10308958	-4
10310574	4
10310592	-4
10347439	4
10347456	-4
10348694	4
10348708	-4
10351408	4
10351425	-4
10352959	4
10352972	-4
10356340	4
10356356	-4
10358039	4
10358055	-4
10365222	4
10365239	-4
10414624	3
10414657	-3
10414690	3
10414791	-3
10414840	3
10414873	-3
10415257	3
10415274	-3
10418624	3
10418641	-3
10419474	3
10419490	-3
10421724	3
10421757	-3
10422375	3
10422391	-3
10423441	3
10423475	-3
10423488	3
10423522	-3
10423592	3
10423606	-3
10424124	3
10424139	-3
10424192	3
10424224	-3
10424521	3
10424542	-3
10425390	3
10425424	-3
10426371	3
10426388	-3
10427141	3
10427157	-3
10427955	3
10427975	-3
10428742	3
10429708	-3
10431089	3
10431108	-3
10431809	3
10431824	-3
10431955	3
10431975	-3
10432005	3
10432058	-3
10432557	3
10432575	-3
10432606	3
10432638	-3
10432689	3
10432705	-3
10433592	3
10433607	-3
10433638	3
10433658	-3
10433671	3
10433690	-3
10433725	3
10433757	-3
10433772	3
10433791	-3
10433821	3
10433872	-3
10433906	3
10433938	-3
10436737	3
10436775	-3
10436822	3
10436856	-3
10436926	3
10436955	-3
10437025	3
10437038	-3
10440025	3
10440072	-3
10440106	3
10440124	-