%%%DateTime	ms since program start
20168883349Z-7	426
19925	3
19977	-3
19995	3
20028	-3
21095	3
21131	-3
21244	3
21298	-3
21328	3
21432	-3
28061	3
28080	-3
28095	3
28678	-3
31346	3
31962	-3
32779	3
32829	-3
32846	3
33395	-3
35846	3
36465	-3
37079	3
37695	-3
39130	3
39946	-3
40764	3
40829	-3
40847	3
41380	-3
42197	3
42813	-3
43631	3
44247	-3
46179	3
46564	-3
47314	3
47398	-3
47414	3
47764	-3
48464	3
48481	-3
48513	3
48865	-3
49581	3
50065	-3
50814	3
51414	-3
52232	3
52598	-3
54482	3
54515	-3
54532	3
54598	-3
54615	3
54898	-3
55515	3
55532	-3
55549	3
56132	-3
249873	4
249892	-4
253160	4
253561	-4
254177	4
254210	-4
254225	4
254427	-4
255410	4
255673	-4
256423	4
256474	-4
256493	4
256556	-4
256593	4
256660	-4
256793	4
256843	-4
257441	4
257576	-4
257609	4
257625	-4
257759	4
257775	-4
258826	4
259076	-4
259792	4
259843	-4
260060	4
260127	-4
260243	4
260294	-4
260376	4
260391	-4
261225	4
261392	-4
261742	4
261757	-4
262777	4
262827	-4
262890	4
262908	-4
262926	4
262957	-4
262994	4
263044	-4
263789	4
263957	-4
263989	4
264024	-4
264057	4
264123	-4
264823	4
264874	-4
265023	4
265040	-4
265142	4
265240	-4
275260	5
275276	-5
275360	5
275409	-5
275427	5
275442	-5
276093	5
276125	-5
276178	5
276193	-5
276210	5
276227	-5
276260	5
276277	-5
276311	5
276394	-5
276475	5
276607	-5
279778	5
280174	-5
280211	5
280294	-5
280310	5
280324	-5
280991	5
281007	-5
281158	5
281228	-5
281327	5
281444	-5
282643	5
282660	-5
282712	5
282825	-5
282843	5
282891	-5
282960	5
282977	-5
287961	2
288158	-2
288177	2
288326	-2
290228	2
290395	-2
290827	2
291242	-2
292495	2
292542	-2
292575	2
292811	-2
292828	2
293342	-2
293376	2
293394	-2
294325	2
295041	-2
295078	2
295142	-2
295175	2
295211	-2
295245	2
295294	-2
295324	2
295375	-2
295408	2
295643	-2
295709	2
295725	-2
297375	2
298809	-2
300042	2
300459	-2
300860	2
301479	-2
302292	2
303727	-2
304760	2
306392	-2
307409	2
307493	-2
307525	2
308243	-2
308860	2
308876	-2
308893	2
309879	-2
892652	3
892668	-3
896435	3
896452	-3
896469	3
896485	-3
896501	3
896519	-3
896651	3
896735	-3
896752	3
896768	-3
899502	3
899518	-3
899535	3
899702	-3
899718	3
899752	-3
899785	3
899835	-3
900535	3
900669	-3
901554	3
901569	-3
909136	3
909153	-3
909537	3
909553	-3
909589	3
909603	-3
909653	3
909953	-3
934722	3
934757	-3
934772	3
934790	-3
934823	3
935140	-3
935204	3
935224	-3
935271	3
935323	-3
935354	3
935390	-3
935455	3
935470	-3
936436	3
936470	-3
937805	3
938421	-3
944356	3
944423	-3
944437	3
944573	-3
944606	3
944657	-3
945391	3
945406	-3
948040	3
948854	-3
953172	3
953774	-3
1101677	2
1101742	-2
1101759	2
1101841	-2
1101857	2
1101960	-2
1102643	2
1102693	-2
1102708	2
1102775	-2
1102810	2
1102874	-2
1102910	2
1103675	-2
1104725	2
1104790	-2
1104807	2
1104926	-2
1104942	2
1104974	-2
1105543	2
1105560	-2
1105640	2
1105657	-2
1107792	2
1107810	-2
1109425	2
1109476	-2
1109841	2
1109857	-2
1109907	2
1109924	-2
1111893	2
1112009	-2
1289239	2
1289874	-2
1290474	2
1290540	-2
1290557	2
1290590	-2
1290641	2
1290674	-2
1290740	2
1290791	-2
1290824	2
1290890	-2
1290940	2
1291006	-2
1291057	2
1291107	-2
1291157	2
1291223	-2
1291257	2
1291340	-2
1291374	2
1291407	-2
1292324	2
1292341	-2
1294157	2
1294574	-2
1297841	2
1297856	-2
1301536	2
1301553	-2
1306457	2
1306858	-2
1309318	2
1309719	-2
1314040	2
1314075	-2
1318738	2
1318755	-2
1326521	2
1326536	-2
1331904	2
1331920	-2
1335663	2
1335677	-2
1339211	2
1339230	-2
1341677	2
1341698	-2
1343522	2
1343536	-2
1358884	2
1358952	-2
1646428	5
1646544	-5
1647445	5
1647625	-5
1648260	5
1648464	-5
1649094	5
1649260	-5
1649693	5
1649895	-5
1650044	5
1650110	-5
1650730	5
1650744	-5
1651127	5
1651162	-5
1652983	5
1653034	-5
1653067	5
1653082	-5
1654200	5
1654316	-5
1654352	5
1654817	-5
1656055	5
1656188	-5
1658105	5
1658122	-5
1658421	5
1658437	-5
1658490	5
1658506	-5
1658589	5
1658674	-5
1658722	5
1658791	-5
1659321	5
1659339	-5
1660755	5
1660771	-5
1661173	5
1661258	-5
1661322	5
1661356	-5
1661407	5
1661471	-5
1662192	5
1662258	-5
1663008	5
1663208	-5
1663841	5
1663858	-5
1664238	5
1664572	-5
1664588	5
1664621	-5
1664655	5
1664705	-5
1666073	5
1666108	-5
1666123	5
1666154	-5
1666557	5
1666705	-5
1666721	5
1667707	-5
1667742	5
1667840	-5
1668721	5
1668921	-5
1668941	5
1668991	-5
1669572	5
1669591	-5
1669605	5
1669725	-5
1669754	5
1669822	-5
1669888	5
1669959	-5
1670021	5
1670108	-5
1670154	5
1670205	-5
1670290	5
1670373	-5
1672023	5
1672039	-5
1672638	5
1672671	-5
1674489	5
1675156	-5
1675922	5
1676938	-5
1677556	5
1677573	-5
1677739	5
1678589	-5
1679605	5
1679787	-5
1679954	5
1680023	-5
1680090	5
1680107	-5
1680424	5
1680437	-5
1681854	5
1681990	-5
1682021	5
1682070	-5
1682471	5
1682505	-5
1683290	5
1684308	-5
1685538	5
1685723	-5
1685737	5
1686356	-5
1687387	5
1687454	-5
1688204	5
1688604	-5
1690038	5
1690873	-5
1691889	5
1691955	-5
1691991	5
1692522	-5
1692539	5
1692555	-5
1692572	5
1692656	-5
1693738	5
1693756	-5
1693855	5
1693872	-5
1693888	5
1694139	-5
1694155	5
1694206	-5
1694239	5
1694555	-5
1695389	5
1697006	-5
1697022	5
1697039	-5
1697072	5
1697155	-5
1699256	5
1699273	-5
1699289	5
1699322	-5
1699356	5
1699756	-5
1700323	5
1700389	-5
1700657	5
1700738	-5
1700774	5
1700840	-5
1700873	5
1700939	-5
1700990	5
1701073	-5
1701640	5
1701790	-5
1702007	5
1702055	-5
1702090	5
1702273	-5
1702289	5
1702590	-5
1703057	5
1703090	-5
1703106	5
1703173	-5
1703206	5
1703274	-5
1703306	5
1703389	-5
1703407	5
1703623	-5
1703671	5
1703756	-5
1703790	5
1704156	-5
1704990	5
1705057	-5
1705089	5
1705173	-5
1705207	5
1705305	-5
1705340	5
1705823	-5
1705871	5
1705923	-5
1706840	5
1707856	-5
1851230	5
1851247	-5
1851279	5
1851300	-5
1851414	5
1851431	-5
1852249	5
1852266	-5
1853281	5
1853683	-5
1859415	5
1859430	-5
1859517	5
1859529	-5
1859547	5
1859566	-5
1859582	5
1859596	-5
1859697	5
1859716	-5
1859732	5
1859749	-5
1861063	5
1861079	-5
1861100	5
1861113	-5
1861130	5
1861147	-5
1861163	5
1861180	-5
1861197	5
1861212	-5
1861230	5
1861246	-5
1861262	5
1861283	-5
1861298	5
1861312	-5
1861330	5
1861346	-5
1861363	5
1861381	-5
1861397	5
1861413	-5
1866997	5
1867130	-5
1867147	5
1867163	-5
1867182	5
1867196	-5
1868233	5
1868397	-5
1869248	5
1869865	-5
1871497	5
1871514	-5
1871533	5
1871564	-5
1871580	5
1871597	-5
1871614	5
1871630	-5
1871714	5
1871730	-5
1871750	5
1872730	-5
1873964	5
1873982	-5
1874031	5
1874064	-5
1874081	5
1874164	-5
1874232	5
1874246	-5
1874264	5
1874779	-5
1875398	5
1876247	-5
1876263	5
1876298	-5
1876999	5
1877031	-5
1877048	5
1877063	-5
1877096	5
1877115	-5
1877348	5
1877547	-5
1877564	5
1877929	-5
1878980	5
1879097	-5
1879150	5
1879163	-5
1879198	5
1879513	-5
1880514	5
1880531	-5
1880567	5
1881530	-5
1887682	3
1887796	-3
1888497	3
1888516	-3
1888682	3
1888712	-3
1889947	3
1890964	-3
1892797	3
1893215	-3
1893630	3
1894230	-3
1895047	3
1895881	-3
1930714	3
1931514	-3
1932331	3
1932731	-3
1933148	3
1933162	-3
1936232	3
1937449	-3
1938265	3
1939299	-3
1941546	3
1941563	-3
1941582	3
1941964	-3
1959362	3
1959378	-3
1959978	3
1959999	-3
1960029	3
1960079	-3
1960131	3
1960297	-3
1962229	3
1962646	-3
1967762	3
1967797	-3
1967812	3
1968379	-3
1969195	3
1969595	-3
1975949	3
1975995	-3
1977998	3
1978112	-3
1978130	3
1978212	-3
1978265	3
1978295	-3
