%%%DateTime	ms since program start
20160808232612Z-7	577
1841	-1
1881	-2
1895	-3
1913	-4
1929	-5
1946	-6
84949	6
84964	-6
85067	6
85216	-6
85248	6
85966	-6
90683	5
90883	-5
93133	4
93967	-4
94167	4
94183	-4
96217	3
96834	-3
96867	3
96950	-3
97434	3
97450	-3
101535	2
101600	-2
619491	3
619524	-3
666207	3
666224	-3
666241	3
666257	-3
666291	3
666308	-3
684426	2
684443	-2
685243	2
685259	-2
692809	3
692826	-3
692876	3
692892	-3
692909	3
700392	2
700495	-2
709208	2
709225	-2
709259	2
709275	-2
709342	2
709359	-2
712077	2
712093	-2
712108	2
712125	-2
712142	2
712158	-2
712193	2
712241	-2
712275	2
712296	-2
716775	-3
716795	3
716810	-3
716825	3
716912	-3
716928	3
722929	2
723045	-2
728660	2
728809	-2
729894	2
730095	-2
735428	2
735443	-2
735478	2
735492	-2
735525	2
735561	-2
735577	2
735593	-2
739509	2
739926	-2
747293	2
747310	-2
747343	2
747393	-2
747443	2
747459	-2
758962	2
758978	-2
758997	2
759011	-2
759046	2
759062	-2
759078	2
759096	-2
759112	2
759128	-2
761431	-3
761445	3
763877	2
764296	-2
765530	2
768996	-2
772897	-3
772912	3
772931	-3
772946	3
773013	-3
773031	3
774131	2
775964	-2
793780	-3
794196	3
800546	2
800614	-2
802179	2
802213	-2
802229	2
806283	-3
806296	3
806346	-3
806362	3
806446	-3
806466	3
813863	-3
813881	3
814013	-3
814029	3
816116	-2
821646	2
821661	-2
821676	2
821695	-2
821712	2
821727	-2
822043	-3
822062	3
822113	-3
822127	3
822180	-3
822192	3
822229	-3
822245	3
829627	-3
830028	3
832494	2
832510	-2
832528	2
832543	-2
832560	2
832580	-2
832646	2
832676	-2
832695	2
832713	-2
832728	2
832760	-2
832779	2
837414	-3
837513	3
840281	-2
840294	2
840311	-2
840328	2
840347	-2
840377	2
840395	-2
840410	2
843977	-2
843995	2
851543	-2
851562	2
851644	-2
851663	2
870382	-2
870395	2
870411	-2
870428	2
877348	-2
877363	2
877414	-2
877429	2
877514	-2
877530	2
889847	-2
897212	2
897314	-2
897331	2
1196024	-2
1886431	-3
2077514	6
2077535	-6
2082018	6
2082034	-6
2089187	6
2089195	-6
2089229	6
2089252	-6
2089262	6
2089279	-6
2089350	6
2089364	-6
2089381	6
2095130	-6
2096963	6
2096997	-6
2097030	6
2109048	-6
2109065	6
2109081	-6
2109101	6
2109114	-6
2109131	6
2109146	-6
2109162	6
2109183	-6
2109198	6
2117849	-6
2117901	6
2117914	-6
2117931	6
2117949	-6
2117964	6
2117981	-6
2117998	6
2118016	-6
2118031	6
2118048	-6
2118064	6
2125851	-6
2125867	6
2130968	-6
2131051	6
2147152	-6
2147267	6
2152099	-6
2152111	6
2152136	-6
2152148	6
2152180	-6
2152195	6
2152211	-6
2152236	6
2152267	-6
2152281	6
2186465	-6
2186883	6
2518272	-6
2774070	2
2774084	-2
2774103	2
2774154	-2
2774168	2
2774271	-2
2774285	2
2774371	-2
2774385	2
2871952	-2
2871966	2
2871986	-2
2872000	2
3023307	-2
3023521	2
3108503	-2
3108524	2
3108606	-2
3983013	2
3983035	-2
3983067	2
3983082	-2
4001084	2
4001101	-2
4001135	2
4001151	-2
4001167	2
4001234	-2
4001251	2
4001334	-2
4001351	2
4095668	3
4095747	-3
4098947	3
4098965	-3
4098982	3
4098998	-3
4132117	3
4132145	-3
4132736	3
4132746	-3
4134780	-2
4134797	2
4141179	3
4141265	-3
4141281	3
4141346	-3
4141365	3
4151382	-3
4151399	3
4151566	-3
4151581	3
4157932	-2
4158081	2
4159779	-3
4159798	3
4159831	-3
4159849	3
4159966	-3
4159983	3
4201762	-3
4201778	3
4201846	-3
4201861	3
4268110	-3
4268131	3
4268530	-3
4268546	3
4280196	-3
4280212	3
4280279	-3
4280293	3
4287580	-3
4287592	3
4313580	-3
4313596	3
4313646	-3
4313663	3
4313696	-3
4313712	3
4313780	-3
4313797	3
4313846	-3
4313863	3
4313910	-3
4313930	3
4319732	-3
4319745	3
4319779	-3
4319798	3
4319878	-3
4319893	3
4320028	-3
4320046	3
4335097	-3
4335109	3
4335125	-3
4335143	3
4335225	-3
4335242	3
4335295	-3
4335309	3
4335381	-3
4335394	3
4345127	-3
4345529	3
4355161	-3
4355178	3
4355278	-3
4355295	3
4360077	-3
4360096	3
4360162	-3
4360179	3
4360279	-3
4360296	3
4360311	-3
4360329	3
4360478	-3
4360496	3
4365613	-3
4365630	3
4365646	-3
4365663	3
4365780	-3
4365796	3
4365830	-3
4365847	3
4365930	-3
4365947	3
4370731	-3
4370831	3
4384648	-3
4384680	3
4384693	-3
4384713	3
4988620	6
4988635	-6
4988652	6
4988668	-6
4988753	6
4993537	-6
4993553	6
4993572	-6
4993626	6
4993636	-6
4993651	6
4993670	-6
5001321	6
5001354	-6
5001372	6
5001387	-6
5011555	6
5011587	-6
5011606	6
5011622	-6
5011672	6
5011688	-6
5011706	6
5011722	-6
5021807	6
5021990	-6
5031220	6
5031240	-6
5031255	6
5031301	-6
5031325	6
5031356	-6
5031390	6
5039817	-6
5039841	6
5039855	-6
5039870	6
5039953	-6
5039967	6
5048418	-6
5048438	6
5048453	-6
5048472	6
5048509	-6
5048539	6
5048551	-6
5048568	6
5048589	-6
5048601	6
5048617	-6
5048634	6
5053959	-6
5053970	6
5053988	-6
5054003	6
5054024	-6
5054034	6
5054054	-6
5054072	6
5062550	-6
5062572	6
5062684	-6
5062708	6
5070956	-6
5070972	6
5070984	-6
5071006	6
5071018	-6
5071041	6
5071053	-6
5071073	6
5071175	-6
5071187	6
5082023	-6
5082038	6
5082072	-6
5082117	6
5082155	-6
5082172	6
5082189	-6
5082238	6
5082268	-6
5082306	6
5082317	-6
5082338	6
5082353	-6
5082372	6
5082439	-6
5082605	6
5090824	-6
5090867	6
5090884	-6
5090900	6
5090919	-6
5090939	6
5096751	-6
5097069	6
5105369	-6
5105471	6
5105524	-6
5106186	6
5113753	-6
5113770	6
5113787	-6
5113820	6
5113870	-6
5113887	6
5113920	-6
5113953	6
5113970	-6
5113987	6
5114020	-6
5114035	6
5114135	-6
5114336	6
5122355	-6
5122454	6
5122471	-6
5122503	6
5123587	-6
5123703	6
5130973	-6
5130987	6
5131004	-6
5131020	6
5131039	-6
5131073	6
5131105	-6
5131121	6
5131138	-6
5131150	6
5139771	-6
5139820	6
5139857	-6
5139870	6
5139888	-6
5139922	6
5139972	-6
5139983	6
5140023	-6
5140037	6
5140171	-6
5141621	6
5549799	-6
5754395	-2
5754795	2
5774263	-3
5774281	3
5774312	-3
5795349	3
5805393	-2
6295704	-3
6295723	3
6358375	-3
6358773	3
6362873	-3
6362890	3
6363039	-3
6363054	3
6363108	-3
6368203	3
6368223	-3
6368307	3
6368320	-3
6368807	3
6373107	-3
6520988	3
6521005	-3
6521021	3
6521039	-3
6521055	3
6673151	-3
6721284	3
6721333	-3
6721367	3
6721472	-3
6721482	3
6721535	-3
6721571	3
6721584	-3
6731935	3
6731985	-3
6732001	3
6732069	-3
6732085	3
6732117	-3
6732134	3
6754670	-3
6754686	3
6754787	-3
6754802	3
6754901	-3
6754920	3
6754970	-3
6754986	3
6755000	-3
6755120	3
6755286	-3
6755300	3
6770431	-3
6770453	3
6770481	-3
6770498	3
6770514	-3
6770539	3
6770583	-3
6770605	3
6770632	-3
6770650	3
6770671	-3
6770685	3
6770698	-3
6770721	3
6770736	-3
6770753	3
6771472	-3
6784366	3
6784383	-3
6784400	3
6784415	-3
6784435	3
6784470	-3
6784483	3
6784549	-3
6784567	3
6784583	-3
6784986	3
6785083	-3
6790100	3
6790118	-3
6803819	3
6804239	-3
6804850	3
6804869	-3
6813868	3
6814068	-3
6814085	3
6814471	-3
6819798	3
6819818	-3
6819831	3
6819915	-3
6819931	3
6819948	-3
6819965	3
6820032	-3
6820048	3
6820068	-3
6820085	3
6820416	-3
6825949	3
6826349	-3
6835719	3
6835734	-3
6835750	3
6835850	-3
6835867	3
6835884	-3
6835900	3
6835966	-3
6835984	3
6836000	-3
6836017	3
6836067	-3
6836084	3
6836098	-3
6836798	3
6836817	-3
6841718	3
6841768	-3
6841784	3
6841867	-3
6841885	3
6841899	-3
6841918	3
6841934	-3
6847269	3
6847301	-3
6847319	3
6847335	-3
6847350	3
6847419	-3
6847435	3
6847502	-3
6847519	3
6847551	-3
6847569	3
6847619	-3
6847632	3
6847650	-3
6858301	3
6858386	-3
6858397	3
6858419	-3
6858434	3
6859737	-3
6879800	4
6879819	-4
6879834	4
6879849	-4
7142977	2
7143077	-2
7143096	2
7143178	-2
7479057	2
7479079	-2
7565289	3
7565312	-3
7565322	3
7565428	-3
7565444	3
7750243	-3
7750257	3
7750308	-3
7750341	3
7750436	-3
7750476	3
7750537	-3
7797736	3
7798155	-3
7834824	3
7834941	-3
7834957	3
7835053	-3
7835070	3
7835093	-3
7835106	3
7835171	-3
7835192	3
7835205	-3
7835220	3
7835237	-3
7863069	3
7863240	-3
7863252	3
7863372	-3
7863386	3
7863405	-3
7863419	3
7978788	-3
7978805	3
7978920	-3
7978958	3
7979069	-3
7979084	3
7985338	-3
7985371	3
7985384	-3
7985405	3
7985422	-3
7985438	3
7985505	-3
7985522	3
8142021	2
8142037	-2
8142051	2
8142121	-2
8142132	2
8142152	-2
8142187	2
8142252	-2
8270848	2
8270871	-2
8270970	2
8271004	-2
8271017	2
8585427	-3
8585450	3
8590747	-3
8590766	3
8604680	-3
8604700	3
8620863	-3
8621000	3
8992993	-2
8993126	2
9033755	-2
9033776	2
9033855	-2
9033875	2
9101123	-2
9101191	2
9253505	-2
9253620	2
9253656	-2
9253691	2
9256987	-2
9257154	2
9431488	6
9431505	-6
9440704	6
9440723	-6
9456892	6
9456923	-6
9459540	-2
9459555	2
9459567	-2
9459703	2
9459723	-2
9459838	2
9459874	-2
9459989	2
9460006	-2
9463241	6
9463255	-6
9463268	6
9463286	-6
9463300	6
9463322	-6
9463338	6
9463406	-6
9463419	6
9480835	-6
9480936	6
9488221	-6
9488237	6
9501322	-6
9501337	6
9501471	-6
9501488	6
9502355	2
9502537	-2
9526919	2
9527036	-2
9527118	2
9527136	-2
9527155	2
9527169	-2
9527236	2
9527269	-2
9565422	-3
9565450	3
9565487	-3
9565504	3
9565520	-3
9565616	3
9565649	-3
9566252	3
9571371	2
9586116	-6
9586134	6
9586151	-6
9586168	6
9588571	4
9588601	-4
9588618	4
9588635	-4
9588651	4
9588718	-4
9588738	4
9588750	-4
9588772	4
9588819	-4
9588852	4
9588868	-4
9588918	4
9588935	-4
9588989	4
9589000	-4
9589036	4
9589068	-4
9596769	-3
9596786	3
9601267	-3
9601452	3
9608236	4
9608353	-4
9608370	4
9608387	-4
9608419	4
9608437	-4
9608450	4
9608469	-4
9608535	4
9608565	-4
9608585	4
9608599	-4
9608652	4
9608669	-4
9611921	-3
9612038	3
9612066	-3
9612085	3
9618884	-6
9618903	6
9618916	-6
9618936	6
9618954	-6
9618988	6
9618998	-6
9619036	6
9619085	-6
9619117	6
9619138	-6
9619152	6
9620319	-3
9620418	3
9622983	4
9623086	-4
9623134	4
9623185	-4
9623218	4
9623233	-4
9623268	4
9623302	-4
9631784	-6
9631834	6
9631900	-6
9631917	6
9635885	4
9635901	-4
9635951	4
9635968	-4
9636051	4
9636067	-4
9636199	4
9636218	-4
9636235	4
9636251	-4
9636335	4
9636351	-4
9636518	4
9636534	-4
9636551	4
9636568	-4
9639370	-6
9639385	6
9639418	-6
9639437	6
9639502	-6
9639519	6
9639533	-6
9639552	6
9639633	-6
9639652	6
9640170	-3
9640319	3
9641419	4
9641452	-4
9648986	4
9649003	-4
9649053	4
9649070	-4
9649170	4
9649203	-4
9649233	4
9649253	-4
9649287	4
9649302	-4
9649384	4
9649403	-4
9649420	4
9649437	-4
9649520	4
9649537	-4
9649553	4
9649570	-4
9649654	4
9649669	-4
9649686	4
9649720	-4
9653503	-3
9653604	3
9654520	-2
9654536	2
9656571	-2
9656604	2
9658003	-3
9658136	3
9659235	4
9659253	-4
9659287	4
9659301	-4
9659319	4
9659331	-4
9659388	4
9659402	-4
9659438	4
9659466	-4
9659520	4
9659535	-4
9659550	4
9659585	-4
9659603	4
9659618	-4
9659653	4
9659737	-4
9659803	4
9659819	-4
9659918	4
9659952	-4
9664548	-3
9664705	3
9666804	-6
9666966	6
9669470	4
9669655	-4
9669748	4
9669771	-4
9669783	4
9669850	-4
9669869	4
9669883	-4
9669950	4
9669985	-4
9670039	4
9670051	-4
9672952	4
9672968	-4
9673084	4
9673101	-4
9673154	4
9673184	-4
9673204	4
9673231	-4
9673335	4
9673350	-4
9673440	4
9673451	-4
9673484	4
9673502	-4
9676434	4
9676568	-4
9676602	4
9676649	-4
9676672	4
9676685	-4
9676717	4
9676731	-4
9676756	4
9676766	-4
9676798	4
9676836	-4
9676901	4
9676918	-4
9679503	-6
9679515	6
9679569	-6
9679582	6
9679671	-6
9679681	6
9683598	-2
9683615	2
9683631	-2
9683654	2
9683703	4
9683715	-4
9684215	4
9684416	-4
9696501	-2
9696517	2
9696600	-3
9696650	3
9696667	-3
9696733	3
9696767	-3
9696800	3
9696820	-3
9696834	3
9696851	-3
9696867	3
9696951	-3
9697000	3
9701833	4
9701854	-4
9701868	4
9701884	-4
9701901	4
9701951	-4
9701968	4
9701984	-4
9702018	4
9702034	-4
9702053	4
9702068	-4
9702084	4
9702101	-4
9702154	4
9702168	-4
9702234	4
9702253	-4
9702267	4
9702284	-4
9702368	4
9702384	-4
9702401	4
9702418	-4
9706752	-3
9706902	3
9706934	-3
9706951	3
9709001	4
9709017	-4
9709051	4
9709067	-4
9709398	4
9709419	-4
9709516	4
9709533	-4
9709554	4
9709568	-4
9722101	4
9722120	-4
9722132	4
9722148	-4
9722164	4
9722217	-4
9722251	4
9722316	-6
9722350	-4
9722370	4
9722450	-4
9722463	4
9722485	-4
9722500	4
9722534	-4
9722552	4
9722585	-4
9722597	4
9722614	-4
9728670	-3
9728684	3
9729482	4
9729515	-4
9729631	4
9729665	-4
9729682	4
9729698	-4
9729715	4
9729732	-4
9729748	4
9729782	-4
9729799	4
9729819	-4
9729835	4
9729850	-4
9729884	4
9729898	-4
9729915	4
9729965	-4
9729984	4
9730000	-4
9730015	4
9730032	-4
9730048	4
9730065	-4
9730083	4
9730098	-4
9730115	4
9730133	-4
9730148	4
9730165	-4
9730181	4
9730200	-4
9734803	4
9734816	-4
9735416	-2
9736434	4
9736849	-4
9737251	4
9737666	-4
9744634	2
9744649	-2
9744667	2
9744700	-2
9751401	2
9756102	4
9756519	-4
9757536	-2
9757550	2
9757633	-2
9757785	2
9766346	-3
9766370	3
9766380	-3
9766403	3
9766470	-3
9766484	3
9768248	-3
9768270	3
9773521	-2
9775771	5
9775884	-5
9775919	5
9776021	-5
9776034	5
9776113	-5
9776150	5
9776167	-5
9776181	5
9776203	-5
9776250	5
9776269	-5
9776313	5
9776332	-5
9776369	5
9776385	-5
9778013	2
9778213	-2
9778631	2
9782932	-3
9782950	3
9783014	-3
9783037	3
9783549	4
9783569	-4
9783686	4
9783701	-4
9784171	4
9784236	-4
9785998	4
9786018	-4
9786031	4
9786053	-4
9786064	4
9786102	-4
9786113	4
9786135	-4
9789083	-3
9789284	3
9789301	-3
9789314	3
9789447	-3
9789463	3
9789480	-3
9789505	3
9789531	-3
9789547	3
9793367	-2
9793468	2
9797266	-3
9797282	3
9797380	-3
9797397	3
9797464	-3
9797486	3
9797581	-3
9797599	3
9797664	-3
9797685	3
9799734	-2
9799768	2
9799784	-2
9799836	2
9799851	-2
9799868	2
9799883	-2
9799915	4
9799948	2
9799969	-2
9799982	-4
9800063	4
9800087	-4
9800096	4
9800121	-4
9800132	4
9800149	-4
9800164	4
9800199	-4
9800215	4
9800232	-4
9803415	-3
9803432	3
9803486	-3
9803498	3
9803581	-3
9803597	3
9805869	4
9805903	-4
9805983	4
9806033	-4
9806096	4
9806116	-4
9806247	4
9806283	-4
9806380	4
9806483	-4
9806499	4
9806513	-4
9806536	4
9806549	-4
9806666	4
9806682	-4
9806699	4
9806714	-4
9806732	4
9806749	-4
9809546	-3
9809965	3
9812015	4
9812032	-4
9812049	4
9812082	-4
9812100	4
9812115	-4
9812136	4
9812148	-4
9812167	4
9812199	-4
9812215	4
9812233	-4
9812265	4
9812284	-4
9812299	4
9812316	-4
9812331	4
9812349	-4
9813649	-3
9813666	3
9813749	-3
9813766	3
9813786	-3
9813799	3
9815082	-3
9815119	3
9815198	-3
9815216	3
9819382	2
9819515	-2
9819532	2
9820615	-3
9820632	3
9820649	-3
9820669	3
9820682	-3
9820699	3
9820787	-3
9820799	3
9820819	-3
9820835	3
9820932	-3
9820950	3
9820966	-3
9820982	3
9821082	-3
9821115	3
9821233	-3
9821249	3
9821266	-3
9821283	3
9828799	-3
9828815	3
9832082	-3
9832097	3
9832132	-3
9832146	3
9832246	-3
9832266	3
9832282	-3
9832298	3
9832365	-3
9832381	3
9834337	4
9834347	-4
9834396	4
9834434	-4
9834463	4
9834480	-4
9834531	4
9834550	-4
9834617	4
9834632	-4
9834646	4
9834663	-4
9838030	-3
9838047	3
9838114	-3
9838132	3
9840363	4
9840450	-4
9840465	4
9840479	-4
9840501	4
9840564	-4
9840581	4
9840597	-4
9843764	-3
9843814	3
9843831	-3
9843849	3
9843936	-3
9843962	3
9845598	-3
9845614	3
9845648	-3
9845667	3
9845798	-3
9845815	3
9845831	-3
9845848	3
9845947	-3
9845963	3
9845984	-3
9845998	3
9846098	-3
9846113	3
9846130	-3
9846148	3
9865267	-3
9865432	3
9978932	-3
9979099	3
9979133	-3
9979146	3
9979182	-3
9979195	3
9979278	-3
9979301	3
9979311	-3
9979334	3
9979346	-3
9979367	3
9979416	-3
9979450	3
9993680	-3
9993831	3
10074362	-2
10435442	5
10445476	2
10445489	-2
10445556	2
10445573	-2
10455113	2
10455145	-2
10455156	2
10455209	-2
10455226	2
10455244	-2
10477647	2
10477844	-2
10507541	-3
10507560	3
10520645	2
10529043	-3
10529059	3
10578595	-3
10578627	3
10649055	-2
10814136	-3
10814155	3
10814169	-3
10814187	3
10927389	2
10967323	-2
10967337	-5
10967356	2
11235222	-3
11235230	3
11244221	-2
11244231	2
11256300	-3
11256317	3
11266952	-2
11266985	2
11267035	-2
11267051	2
11272686	-2
11272852	2
11316115	-2
11316132	2
11322050	-2
11322467	2
11334135	-3
11334530	3
11346220	-3
11346301	3
11346312	-3
11346330	3
11346436	-3
11346446	3
11350313	-2
11350330	2
11350713	-2
11350730	2
11351752	-3
11352147	3
11354598	-3
11354614	3
11354647	-3
11354664	3
11354797	-3
11354814	3
11354896	-3
11354913	3
11359530	-3
11359547	3
11359931	-3
11359948	3
11363834	-3
11363848	3
11368133	-3
11368149	3
11368532	-3
11368631	3
11370780	-3
11370799	3
11376747	-3
11376951	3
11376966	-3
11376982	3
11379183	-2
11379199	2
11382467	-3
11382685	3
11388200	-3
11388217	3
11388351	-3
11388366	3
11394962	-3
11395368	3
11397619	-3
11397632	3
11397753	-3
11397765	3
11397867	-3
11397882	3
11397901	-3
11397935	3
11397979	-3
11398002	3
11398012	-3
11398033	3
11398047	-3
11398067	3
11398131	-3
11398150	3
11403148	-3
11403251	3
11407870	-3
11407879	3
11407896	-3
11407915	3
11407934	-3
11407948	3
11408013	-3
11408031	3
11408046	-3
11408062	3
11416047	-3
11416066	3
11416230	-3
11416251	3
11416362	-3
11416383	3
11434484	-3
11434599	3
11443096	-3
11443116	3
11443217	-3
11443246	-2
11443267	3
11443282	2
11443448	-2
11443466	2
11443616	-2
11443628	2
11443650	-2
11443666	2
11444928	-3
11444951	3
11445111	-3
11445133	3
11448418	-3
11448431	3
11448450	-3
11448466	3
11448584	-3
11448594	3
11448729	-3
11448751	3
11448764	-3
11448778	3
11457829	-3
11458002	3
11458085	-3
11458095	3
11489383	-3
11489395	3
11492033	-3
11492048	3
11492079	-3
11492100	3
11492227	-3
11492249	3
11492332	-3
11492344	3
11492367	-3
11492381	3
11500414	-3
11500433	3
11514760	-3
11515186	3
11527262	-3
11527666	3
11528894	-3
11528913	3
11529033	-3
11529045	3
11537495	-3
11537513	3
11537548	-3
11537564	3
11537629	-3
11537646	3
11537747	-3
11537762	3
11537780	-3
11537797	3
11546317	-3
11546415	3
11551848	-3
11551932	3
11559851	-3
11559861	3
11561460	-2
11561533	2
11564944	-3
11564961	3
11568228	-3
11568428	3
11569862	-3
11569878	3
11569977	-3
11569995	3
11574577	-2
11574595	2
11574729	-2
11574745	2
11583997	-3
11584013	3
11594846	-3
11594864	3
11594897	-3
11594913	3
11595013	-3
11595048	3
11595114	-3
11595130	3
11598948	-3
11603246	3
11603400	-3
11603409	3
11603493	-3
11603515	3
11615331	-3
11615347	3
11615381	-3
11615393	3
11615417	-3
11615478	3
11615498	-3
11615511	3
11615532	-3
11617584	3
11625166	-3
11625563	-2
11625982	3
11632944	-3
11633161	3
11664681	2
11664692	-2
11680661	2
11708713	-2
11729416	2
11729427	-2
11729459	2
11729495	-2
11729528	2
11746815	-3
11746860	3
11746892	-3
11746910	3
11746927	-3
11746960	3
11746977	-3
11747010	3
11747027	-3
11768113	-2
11768229	2
11849007	-2
11877890	3
11877913	-3
11877962	3
11877973	-3
11877996	3
11878029	-3
11878062	3
11878073	-3
11878095	3
11878110	-3
11899595	3
11899676	-3
11928279	3
11928326	-3
11928339	3
11928376	-3
11928429	3
11928477	-3
11928494	3
11928508	-3
11936463	3
11936579	-3
11945678	3
11945692	-3
11945709	3
11945724	-3
11945739	3
11945794	-3
11945839	3
11945889	-3
11945905	3
11945925	-3
11945945	3
11945989	-3
11963075	3
11963090	-3
11963107	3
11963126	-3
11975577	3
11975610	-3
11975662	3
11975676	-3
11975711	3
11975727	-3
11975756	3
11975776	-3
11975827	3
11975839	-3
11975859	3
11975878	-3
11983361	3
11983561	-3
11983573	3
11983594	-3
11983638	3
11983661	-3
11991544	3
11991555	-3
11991589	3
11991611	-3
11991626	3
11991661	-3
11991677	3
11991722	-3
11991738	3
11991755	-3
12005690	3
12005707	-3
12005740	3
12005760	-3
12005772	3
12005790	-3
12005807	3
12005826	-3
12005839	3
12005907	-3
12005956	3
12005991	-3
12105625	2
12175472	3
12175877	-3
12278906	-2
12278943	2
12279004	-2
12279020	2
12279087	-2
12279107	2
12288724	3
12289138	-3
12294054	-2
12294075	2
12294135	-2
12294155	2
12297938	3
12297956	-3
12298104	3
12298121	-3
12298136	3
12298155	-3
12303891	-2
12308385	3
12308788	-3
12315759	3
12317010	-3
12321088	2
12465073	3
12465083	-3
12465106	3
12465234	-3
12465256	3
12465267	-3
12465289	3
12465370	-3
12465388	3
12466704	-3
12501323	3
12501402	-3
12501418	3
12501571	-3
12501634	3
12514019	-3
12514035	3
12514419	-3
12514839	3
12518101	4
12518518	-4
12519757	-3
12519768	3
12519818	-3
12519835	3
12519934	-3
12519956	3
12519968	-3
12527318	3
12527382	-3
12527398	3
12529982	4
12529999	-4
12530017	4
12530034	-4
12530051	4
12530066	-4
12530085	4
12530099	-4
12539200	4
12539337	-4
12549035	-3
12549053	3
12549185	-3
12549202	3
12549301	-3
12549321	3
12549335	-3
12549352	3
12550468	4
12550483	-4
12550555	4
12550566	-4
12556001	-3
12556019	3
12556118	-3
12556134	3
12556151	-3
12556169	3
12556268	-3
12556286	3
12558251	4
12558267	-3
12558284	-4
12558301	4
12558319	-4
12558336	4
12558351	-4
12558368	4
12558384	-4
12573404	3
12573452	-3
12573467	3
12573554	-3
12573570	3
12573667	-3
12573687	3
12573699	-3
12573722	3
12573766	-3
12573788	3
12589382	-3
12589484	3
12589521	-3
12589535	3
12589552	-3
12589568	3
12589652	-3
12589667	3
12589770	-3
12589786	3
12589866	-3
12598599	4
12598616	-4
12600767	3
12600850	-3
12600866	3
12601252	-3
12601265	3
12607602	-3
12607615	3
12607636	-3
12607648	3
12607749	-3
12607765	3
12607781	-3
12607803	3
12607884	-3
12608832	4
12609051	-4
12609067	4
12609117	-4
12623783	3
12623799	-3
12623816	3
12623888	-3
12623899	3
12630948	4
12631137	-4
12631171	4
12631182	-4
12631198	4
12631565	-4
12648566	4
12648582	-4
12648599	4
12648616	-4
12648632	4
12648648	-4
12648682	4
12648699	-4
12654717	-3
12654733	3
12654750	-3
12654768	3
12654783	-3
12654801	3
12654917	-3
12654933	3
12655000	-3
12655017	3
12712882	4
12712914	-4
12712937	4
12713048	-4
12713065	4
12713082	-4
12713099	4
12713115	-4
12713131	4
12713149	-4
12713165	4
12722915	-4
12722934	4
12722964	-4
12722981	4
12722997	-4
12738885	4
12739099	-4
12763866	4
12763884	-4
12772267	6
12772284	4
12772334	-6
12776368	-4
12776384	4
12776401	-4
12776417	4
12776449	-4
12776466	4
12776484	-4
12776501	4
12776517	-4
12784151	6
12784167	-6
12802998	4
12803013	-4
12803031	4
12803112	-4
12803131	4
12803151	-4
12803166	4
12942044	-2
12942068	2
12942094	-2
12942111	2
12960478	-4
12960611	4
12960761	-4
12970510	4
12979328	-4
12979346	4
12979399	-4
12979482	4
12979529	-4
12979544	4
12979561	-4
12979583	4
13395690	-2
13395709	2
13462871	-2
13462978	2
13752872	-2
13752974	2
13753023	-2
13753068	2
13753157	-2
13753173	2
13763722	-3
13763740	3
13763756	-3
13763773	3
13763874	-3
13776422	-2
13776440	2
13781335	3
13781439	-3
13781455	3
13781541	-3
13795886	3
13795920	-3
13795937	3
13796037	-3
13796054	3
13796068	-3
13805303	-2
13805320	2
13805402	-2
13805422	2
13807756	3
13807822	-3
13807867	3
13807889	-3
13807903	3
13807971	-3
13808004	3
13808089	-3
13808122	3
13808239	-3
13808256	3
13808272	-3
13808288	3
13923071	-2
14222280	2
14222297	-2
14222382	2
14222398	-2
14222413	2
14222465	-2
14222515	2
14222534	-2
14222548	2
14222565	-2
14222580	2
14222679	-2
15042123	-4
15043559	4
15049310	-4
15049504	4
15062187	-4
15062225	4
15062238	-4
15062258	4
15074491	-4
15074503	4
15074523	-4
15074542	4
15074587	-4
15074603	4
15081604	-4
15081621	4
15081671	-4
15081688	4
15081703	-4
15095172	4
15095190	-4
15095206	4
15101323	-4
15101341	4
15101370	-4
15101393	4
15101404	-4
15101423	4
15101456	-4
15101469	4
15101542	-4
15107459	4
15107489	-4
15107506	4
15107522	-4
15107555	4
15107607	-4
15107624	4
15115239	-4
15118903	4
15118924	-4
15118936	4
15119020	-4
15128139	4
15128154	-4
15128171	4
15128221	-4
15128238	4
15128271	-4
15135522	4
15142892	-4
15142905	4
15142971	-4
15142988	4
15143005	-4
15143020	4
15143073	-4
15143089	4
15143106	-4
15150255	4
15150307	-4
15150341	4
15150355	-4
15150372	4
15150391	-4
15157842	4
15158259	-4
15165625	4
15166243	-4
15174024	4
15174441	-4
15187743	4
15187753	-4
15187768	4
15187786	-4
15187806	4
15187871	-4
15187885	4
15187902	-4
15187921	4
15187968	-4
15187986	4
15468936	-3
15468968	3
15469020	-3
15469036	3
15469553	-3
15478171	2
15478181	-2
15478204	2
15478216	-2
15491072	3
15491139	-3
15491149	3
15491165	-3
15491220	3
15491231	-3
15491248	3
15505399	-3
15505415	3
15510533	-3
15510734	3
15522387	-3
15522398	3
15527316	-3
15527331	3
15527398	-3
15527415	3
15532905	-3
15532918	3
15532932	-3
15532948	3
15542047	2
15542119	-2
15542150	2
15542214	-2
15542232	2
15550248	-3
15550265	3
15550320	-3
15550331	3
15555365	-3
15555481	3
15560083	-3
15560265	3
15565201	-3
15565217	3
15575235	-3
15575251	3
15579952	-3
15579964	3
15585286	-3
15585686	3
15590602	-3
15591020	3
15595515	-3
15595537	3
15595583	-3
15595597	3
15595699	-3
15595719	3
15600630	-3
15600653	3
15600836	-3
15600847	3
15605751	-3
15605768	3
15611088	-3
15611497	3
15616020	-2
15616138	2
15616220	-2
15616229	2
15621536	-3
15621548	3
15701803	-2
17950148	2
19100329	-3
19522231	-2
21292759	3
21293575	-3
21297670	2
21298075	-2
21298489	2
21298910	-2
21411337	5
21411753	-5
21412375	5
21412520	-5
21412570	5
21412620	-5
21412670	5
21412687	-5
21412703	5
21412720	-5
21412775	5
21412787	-5
21412805	5
21412820	-5
21413387	5
21413403	-5
21414004	5
21414404	-5
21419538	5
21419938	-5
21420553	5
21420571	-5
21420592	5
21420604	-5
21420653	5
21420671	-5
21420754	5
21420786	-5
21420854	5
21420869	-5
21420939	5
21420969	-5
21828934	5
21829284	-5
21829370	5
21829753	-5
21829765	5
21829787	-5
21832620	3
21834053	-3
21834354	3
21834503	-3
21836714	3
21836903	-3
21837019	3
21838765	-3
21844753	3
21845315	-3
21845736	3
21845798	-3
21847981	3
21848598	-3
21849004	3
21849414	-3
21854132	2
21854200	-2
21854216	2
21854231	-2
21854265	2
21856169	-2
21856582	2
21856599	-2
21856616	2
21857199	-2
22428180	3
22428297	-3
22428412	3
22428493	-3
22429214	3
22429279	-3
22716973	3
22717140	-3
22717255	3
22717773	-3
22719424	3
22719824	-3
22720857	3
22720991	-3
22721024	3
22721057	-3
22721875	3
22721890	-3
22721907	3
22722291	-3
22723924	3
22723941	-3
22724058	3
22724074	-3
22726792	3
22726891	-3
22727407	3
22727525	-3
22728425	3
22728442	-3
22730275	3
22730692	-3
22927286	3
22927303	-3
22927703	3
22927720	-3
22963535	3
22963702	-3
22963741	3
22963775	-3
22963788	3
22963802	-3
22965390	3
22969287	-3
22972970	3
22973592	-3
22974603	3
22975425	-3
22976459	3
22976858	-3
22977274	3
22978287	-3
22980535	3
22980639	-3
22980703	3
22980758	-3
22980801	3
22980840	-3
22981768	3
22985057	-3
23259484	-4
23259501	4
23284271	-4
23335868	4
23335922	-4
23335933	4
23336504	-4
23337919	4
23339369	-4
23341003	4
23342219	-4
23343252	4
23344487	-4
23345702	4
23346320	-4
23347354	4
23348370	-4
23349187	4
23350831	-4
23354931	4
23355754	-4
23372951	3
23372967	-3
23378268	3
23378285	-3
23435000	3
23435416	-3
23437250	3
23438486	-3
23439301	3
23459164	2
23459180	-2
23459196	2
23460203	-2
23460596	2
23460614	-2
23461014	2
23461433	-2
23462037	2
23462063	-2
23462080	2
23462097	-2
23462115	2
23462131	-2
23462146	2
23462163	-2
23462219	2
23462366	-2
23463270	2
23463880	-2
23464497	2
23464514	-2
23464547	2
23465314	-2
23466129	2
23467163	-2
23468387	2
23468395	-2
23468464	2
23469214	-2
23470029	2
23470645	-2
23471869	2
23472280	-2
23472299	2
23472315	-2
23474732	2
23474749	-2
23474765	2
23474831	-2
23474848	2
23474998	-2
23475199	2
23475214	-2
23479452	2
23479465	-2
23479548	2
23480049	-2
23481279	2
23482316	-2
23483133	2
23483150	-2
23483183	2
23483749	-2
23486000	2
23486417	-2
23487234	2
23488448	-2
23489284	2
23490717	-2
23491734	2
23492151	-2
23501146	-3
23501569	3
23503002	-3
23503418	3
23504436	-3
23505251	3
23506483	-3
23506495	3
23506615	-3
23507720	3
23507786	-3
23508529	3
23508734	-3
23509970	3
23510381	-3
23511403	3
23514469	-3
23515084	3
23515499	-3
23516319	3
23525112	-3
23525529	3
23528999	-3
23529830	3
23531879	-3
23531895	3
23534946	-3
23535764	3
23538016	-3
23538831	3
23539461	-3
23540681	3
23542312	-3
23542332	3
23543748	-3
23544163	3
23545797	-3
23546832	3
23549695	-3
23549716	3
23549881	-3
23551528	3
23556050	-3
23556066	3
23556667	-3
23558717	3
23561367	-3
23561383	3
23561985	-3
23563212	3
23570579	-3
23571212	3
23572834	-3
23573246	3
23573663	-3
23574063	3
23687928	4
23688029	-4
23688079	4
23688146	-4
23688546	4
23688562	-4
23690596	4
23690713	-4
23690763	4
23690813	-4
23690863	4
23690996	-4
23692030	4
23692045	-4
23692196	4
23692213	-4
23693680	4
23693696	-4
23694080	4
23694097	-4
23695095	4
23695113	-4
23695230	4
23695247	-4
23695262	4
23695280	-3
23695297	-4
23696129	4
23696147	-4
23696746	4
23696763	-4
23697764	4
23698179	-4
23698997	4
23699147	-4
23700014	4
23700030	-4
23700081	4
23700247	-4
23700297	4
23700330	-4
23701248	4
23701264	-4
23701298	4
23701398	-4
23701531	4
23701564	-4
23701580	4
23701598	-4
23702879	4
23703298	-4
23704315	4
23704531	-4
23705548	4
23705565	-4
23706165	4
23706582	-4
23707198	4
23707363	-4
23707415	4
23707548	-4
23709447	4
23709462	-4
23709849	4
23710265	-4
23711282	4
23711699	-4
23712517	4
23713132	-4
23716200	4
23716214	-4
23716616	4
23716631	-4
23717633	4
23717647	-4
23717682	4
23717781	-4
23717833	4
23717881	-4
23717927	4
23717963	-4
23719001	4
23719066	-4
23719481	4
23719494	-4
23720499	4
23720533	-4
23720610	4
23720632	-4
23720917	4
23720930	-4
23721927	4
23722351	-4
23723784	4
23723797	-4
23723946	4
23723963	-4
23725017	4
23725213	-4
23726033	4
23726047	-4
23726646	4
23726665	-4
23727466	4
23727478	-4
23727576	4
23727630	-4
23727660	4
23727718	-4
23727748	4
23727799	-4
23729310	4
23729328	-4
23730332	4
23730482	-4
23731966	4
23731980	-4
23732179	4
23732363	-4
23732380	4
23732395	-4
23733195	4
23733216	-4
23733268	4
23733279	-4
23733294	4
23733368	-4
23733816	4
23734226	-4
23734630	4
23735050	-4
23737494	4
23737509	-4
23737649	4
23738116	-4
23739143	4
23739211	-4
23739227	4
23739301	-4
23739327	4
23739360	-4
23742212	4
23742232	-4
23742367	4
23742527	-4
23742544	4
23742611	-4
23742627	4
23742650	-4
23743648	4
23744060	-4
23744878	4
23745131	-4
23745161	4
23745177	-4
23824747	4
23825146	-4
23826796	4
23826814	-4
23826898	4
23826913	-4
23829042	4
23829466	-4
23830897	4
23831297	-4
23832109	4
23832526	-4
23832931	4
23832942	-4
23833008	4
23833347	-4
23833363	4
23833399	-4
23833409	4
23833431	-4
23834375	4
23834781	-4
23835398	4
23835509	-4
23835565	4
23835693	-4
23835729	4
23835792	-4
23836432	4
23836445	-4
23836461	4
23836583	-4
23836646	4
23836663	-4
23837075	4
23837092	-4
23837646	4
23837760	-4
23837798	4
23838265	-4
23839296	4
23839309	-4
23839380	4
23839393	-4
23839441	4
23839498	-4
23839528	4
23839576	-4
23839608	4
23839644	-4
23840730	4
23841325	-4
23851377	4
23851783	-4
23852599	4
23853010	-4
23872062	3
23872246	-3
23872278	3
23872296	-3
23872312	3
23872362	-3
23872379	3
23872879	-3
23874513	3
23874530	-3
23876563	3
23876580	-3
23876596	3
23876613	-3
23876646	3
23877180	-3
23967095	4
23967308	-4
23968109	4
23969343	-4
23970357	4
23971593	-4
23972410	4
23974460	-4
23975477	4
23976291	-4
23977128	4
23978344	-4
23982245	4
23983678	-4
23985312	4
23986745	2
23987164	-2
23987978	-4
23991662	2
23992079	4
23992479	-2
23992896	-4
23993713	2
23993876	-2
23993907	2
23993963	-2
23995762	2
23996160	-2
23997397	2
23997798	-2
23999245	2
23999647	-2
24000674	2
24000690	-2
24001898	2
24001928	-2
24001939	2
24001958	-2
24002057	2
24002081	-2
24002093	2
24002123	-2
24002147	2
24002240	-2
24003540	2
24003564	-2
24003574	2
24004009	-2
24006408	2
24006425	-2
24006458	2
24006474	-2
24006507	2
24006815	-2
24042662	2
24042673	-2
24042696	2
24043060	-2
24045110	2
24045530	-2
24048814	2
24049212	-2
24049846	2
24050662	-2
24052079	2
24052093	-2
24052895	2
24052908	-2
24052927	2
24053047	-2
24053057	2
24053080	-2
24053090	2
24054129	-2
24054525	2
24054563	-2
24054576	2
24054626	-2
24054642	2
24054944	-2
24054957	2
24054978	-2
24054990	2
24055010	-2
24055780	2
24055840	-2
24055856	2
24055979	-2
24056009	2
24056023	-2
24056046	2
24056197	-2
24056206	2
24056228	-2
24056244	2
24056281	-2
24058627	2
24058662	-2
24058673	2
24058806	-2
24058830	2
24058856	-2
24060873	2
24060896	-2
24061292	2
24061308	-2
24062109	2
24062143	-2
24062243	2
24062260	-2
24062272	2
24062727	-2
24063956	2
24064291	-2
24064312	2
24064323	-2
24065390	2
24066214	-2
24067223	2
24067240	-2
24068057	2
24068073	-2
24068095	2
24068106	-2
24068174	2
24068207	-2
24069694	2
24069858	-2
24072560	3
24072572	-3
24075007	2
24075044	-2
24075080	2
24075126	-2
24075140	2
24075158	-2
24075628	2
24075808	-2
24076446	2
24076459	-2
24076475	2
24076491	-2
24076560	2
24076575	-2
24076609	2
24076746	-2
24076824	2
24076841	-2
24076858	2
24077008	-2
24077026	2
24077059	-2
24077075	2
24077108	-2
24077172	2
24077197	-2
24077225	2
24077244	-2
24077258	2
24077308	-2
24077493	2
24077530	-2
24078494	2
24078628	-2
24079729	2
24079742	-2
24080539	2
24080556	-2
24080579	2
24080673	-2
24080690	2
24080713	-2
24080725	2
24080741	-2
24080942	2
24081010	-2
24341871	3
24342020	-3
24342887	3
24342922	-3
24342939	3
24343022	-3
24343056	3
24343087	-3
24343723	3
24343740	-3
24344340	3
24344740	-3
24345357	3
24345773	-3
24346390	3
24346590	-3
24347406	3
24347808	-3
24349857	3
24349924	-3
24349973	3
24350107	-3
24350139	3
24350205	-3
24350224	3
24350240	-3
24350255	3
24350274	-3
24351040	3
24351105	-3
24351124	3
24351507	-3
24352105	3
24352274	-3
24352941	3
24353341	-3
24353958	3
24354374	-3
24354973	3
24355391	-3
24356208	3
24356825	-3
24357441	3
24358058	-3
24359273	3
24359990	-3
24362359	3
24362506	-3
24362542	3
24362575	-3
24363790	3
24363807	-3
24364825	3
24364840	-3
24365624	3
24365659	-3
24484006	4
24484169	-4
24485041	4
24485659	-4
24487689	4
24488308	-4
24489122	4
24489960	-4
24490756	4
24491386	-4
24492405	4
24493440	-4
24494251	4
24495685	-4
24497518	4
24498140	-4
24499005	4
24500805	-4
24503669	4
24503775	-4
24504686	4
24505103	-4
24506537	4
24506954	-4
24507970	4
24508789	-4
24511459	4
24512070	-4
24512472	4
24513708	-4
24514938	4
24515554	-4
24516571	4
24517187	-4
24668134	3
24668153	-3
24668169	3
24668236	-3
24676520	3
24676537	-3
24677337	3
24677754	-3
24678769	3
24678802	-3
24678820	3
24678885	-3
24678903	3
24679036	-3
24767451	5
24767869	-5
24768689	5
24769100	-5
25000117	2
25000283	-2
25001550	2
25001581	-2
25003184	2
25003200	-2
25004417	2
25004834	-2
25005230	2
25005651	-2
25006051	2
25006065	-2
25006083	2
25006101	-2
25006466	2
25006479	-2
25006501	2
25006517	-2
25006684	2
25006697	-2
25006712	2
25006734	-2
25006746	2
25006783	-2
25006851	2
25006884	-2
25009331	2
25009351	-2
25009750	2
25009762	-2
25010150	2
25010167	-2
25010201	2
25010252	-2
25010266	2
25010283	-2
25010300	2
25010334	-2
25010402	2
25010449	-2
25010485	2
25010516	-2
25010585	2
25010599	-2
25011583	2
25011601	-2
25011646	2
25011663	-2
25012000	2
25012111	-2
25012135	2
25012183	-2
25012216	2
25012619	-2
25013830	2
25013850	-2
25014252	2
25014266	-2
25014284	2
25014300	-2
25014363	2
25014669	-2
25014681	2
25014696	-2
25014719	2
25014730	-2
25014752	2
25014784	-2
25014799	2
25014898	-2
25014913	2
25014961	-2
25016502	2
25016515	-2
25017114	2
25017135	-2
25017148	2
25017535	-2
25018129	2
25018184	-2
25018199	2
25018213	-2
25018229	2
25018245	-2
25018384	2
25018529	-2
25018564	2
25018581	-2
25018662	2
25018702	-2
25018768	2
25018802	-2
25018867	2
25018880	-2
25018914	2
25018947	-2
25018980	2
25019169	-2
25019181	2
25019200	-2
25019213	2
25019230	-2
25020602	2
25020734	-2
25020768	2
25020818	-2
25020884	2
25020896	-2
25020963	2
25021083	-2
25021120	2
25021279	-2
25021332	2
25021349	-2
25021433	2
25021450	-2
25021580	2
25021629	-2
25021719	2
25021732	-2
25021779	2
25021836	-2
25021862	2
25021930	-2
25023250	2
25023263	-2
25023447	2
25023468	-2
25024283	2
25024335	-2
25024367	2
25024703	-2
25026133	2
25026146	-2
25026950	2
25026963	-2
25026985	2
25026996	-2
25028580	2
25028630	-2
25028647	2
25028801	-2
25028812	2
25028963	-2
25028983	2
25029118	-2
25029162	2
25029295	-2
25029345	2
25029378	-2
25029414	2
25029498	-2
25029517	2
25029595	-2
25031045	2
25031069	-2
25031863	2
25031878	-2
25031895	2
25031913	-2
25031930	2
25031949	-2
25031983	2
25032032	-2
25032069	2
25032152	-2
25033500	2
25033511	-2
25034516	2
25034529	-2
25034566	2
25034598	-2
25035963	2
25036095	-2
25038419	2
25038480	-2
25038613	2
25038629	-2
25038696	2
25038731	-2
25038762	2
25038798	-2
25038849	2
25038914	-2
25038964	2
25038996	-2
25040247	2
25040362	-2
25042098	2
25042213	-2
25043747	2
25043763	-2
25043868	2
25043879	-2
25043930	2
25043980	-2
25046396	2
25046461	-2
25046480	2
25046813	-2
25047211	2
25047266	-2
25047314	2
25047347	-2
25048661	2
25048686	-2
25048813	2
25048877	-2
25048897	2
25048946	-2
25048997	2
25049045	-2
25049067	2
25049130	-2
25049162	2
25049214	-2
25049262	2
25049297	-2
25049361	2
25049379	-2
25184444	4
25184567	-4
25185661	4
25185678	-4
25185700	4
25185710	-4
25186697	4
25186861	-4
25187710	4
25187815	-4
25187843	4
25187881	-4
25189560	4
25189693	-4
25190577	4
25190994	-4
25192011	4
25192428	-4
25192826	4
25193244	-4
25194061	4
25194483	-4
25195098	4
25195495	-4
25197545	4
25197964	-4
25198778	4
25198945	-4
25200000	4
25200412	-4
25200994	4
25201010	-4
25201062	4
25201213	-4
25201227	4
25201260	-4
25201332	4
25201362	-4
25205946	4
25206113	-4
25207380	4
25207796	-4
25210047	4
25210180	-4
25214548	4
25214664	-4
25216399	4
25216581	-4
25217814	4
25218231	-4
25219462	4
25219863	-4
25221298	4
25221432	-4
25222331	4
25222498	-4
25223349	4
25223777	-4
25224998	4
25225394	-4
25227244	4
25227643	-4
25230533	4
25230627	-4
25231550	4
25231613	-4
25232783	4
25233195	-4
25234216	4
25234615	-4
25235427	4
25235577	-4
25238715	4
25239332	-4
25239950	4
25240350	-4
25240965	4
25241582	-4
25242198	4
25242616	-4
25245065	4
25245677	-4
25246300	4
25246699	-4
25247310	4
25247934	-4
25249365	4
25249377	-4
25249399	4
25249413	-4
25249465	4
25249529	-4
25249559	4
25250180	-4
25250794	4
25251415	-4
25252225	4
25252643	-4
25253659	4
25253960	-4
25254694	4
25255093	-4
25255911	4
25256527	-4
25257349	4
25257963	-4
25258993	4
25259401	-4
25260010	4
25260143	-4
25261026	4
25261143	-4
25261160	4
25261243	-4
25262062	4
25262677	-4
25263299	4
25263493	-4
25263526	4
25263576	-4
25264315	4
25264327	-4
25264926	4
25264949	-4
25265544	4
25265943	-4
25266017	4
25266026	-4
25266100	4
25266160	-4
25268260	4
25268810	-4
25302200	3
25302610	-3
25303027	3
25303427	-3
25303846	3
25304460	-3
25305059	3
25305477	-3
25305898	3
25306510	-3
25307110	3
25307528	-3
25308344	3
25308959	-3
25310394	3
25310811	-3
25311628	3
25312445	-3
25313062	3
25313877	-3
25314695	3
25314712	-3
25316327	3
25317144	-3
25317762	3
25318577	-3
25319196	3
25320429	-3
25321011	3
25322196	-3
25322879	3
25323714	-3
25324311	3
25325745	-3
25327597	3
25328014	-3
25328613	3
25329230	-3
25329846	3
25330879	-3
25334979	3
25335048	-3
25335798	3
25336413	-3
25336812	3
25337628	-3
25337815	3
25337846	-3
25337863	3
25339476	-3
25397224	3
25397241	-3
25397258	3
25397293	-3
25398266	3
25398390	-3
25399074	3
25399091	-3
25399111	3
25399274	-3
25400497	3
25400525	-3
25400540	3
25400646	-3
25400658	3
25400741	-3
25400763	3
25400829	-3
25401941	3
25402047	-3
25402757	3
25402775	-3
25402831	3
25402874	-3
25403775	3
25403843	-3
25403857	3
25403931	-3
25404507	3
25404524	-3
25404599	3
25405008	-3
25409109	3
25409528	-3
25410340	3
25410359	-3
25410375	3
25410428	-3
25410481	3
25410524	-3
25410575	3
25410725	-3
25411557	3
25411757	-3
25412392	3
25412790	-3
25413826	3
25414424	-3
25476079	3
25476161	-3
25581140	3
25581194	-3
25582772	3
25582790	-3
25582812	3
25583395	-3
25584822	3
25585663	-3
25586679	3
25587694	-3
25593226	3
25593846	-3
25594661	3
25595079	-3
25595092	3
25595178	-3
25595896	3
25596312	-3
25597329	3
25597723	-3
25598762	3
25599180	-3
25599993	3
25600075	-3
25600111	3
25600162	-3
25600193	3
25600243	-3
25600278	3
25600326	-3
25600359	3
25600410	-3
25600460	3
25600595	-3
25600626	3
25600710	-3
25601626	3
25601643	-3
25601660	3
25601711	-3
25601726	3
25601809	-3
25601826	3
25601878	-3
25601893	3
25602022	-3
25602056	3
25602210	-3
25603058	3
25604293	-3
25604911	3
25605311	-3
25605327	3
25605512	-3
25605526	3
25605926	-3
25605944	3
25605977	-3
25606010	3
25606144	-3
25606194	3
25606273	-3
25606295	3
25606343	-3
25606411	3
25606477	-3
25606510	3
25606546	-3
25606610	3
25606643	-3
25606711	3
25606760	-3
25606808	3
25606877	-3
25606944	3
25607010	-3
25607062	3
25607110	-3
25608994	3
25609607	-3
25609628	3
25609809	-3
25612078	3
25614128	-3
25623538	3
25624556	-3
25625996	3
25626805	-3
25628460	3
25628657	-3
25629889	3
25629910	-3
25629925	3
25629972	-3
25630022	3
25630073	-3
25630139	3
25630188	-3
25630906	3
25631324	-3
25631945	3
25632340	-3
25632957	3
25633572	-3
25634391	3
25635424	-3
25636024	3
25637261	-3
25674944	4
25675226	-4
25676178	4
25676788	-4
25677607	4
25678228	-4
25679045	4
25679462	-4
25680208	4
25680676	-4
25682056	4
25682725	-4
25683542	4
25684362	-4
25686629	4
25687644	-4
25690310	4
25691127	-4
25693788	4
25695221	-4
25731255	5
25731671	-5
25732705	5
25733304	-5
25889791	3
25889805	-3
25889824	3
25889858	-3
25889904	3
25889990	-3
25890001	3
25890026	-3
25890607	3
25891024	-3
25891627	3
25892035	-3
25892859	3
25893674	-3
25894491	3
25895303	-3
25895924	3
25896540	-3
25897159	3
25897775	-3
25898394	3
25899207	-3
25916605	2
25916638	-2
25916655	2
25917023	-2
25917835	2
25917855	-2
25918458	2
25918872	-2
25919471	2
25920073	-2
25920904	2
25920922	-2
25921059	2
25921087	-2
25921104	2
25921155	-2
25921536	2
25921555	-2
25922139	2
25922222	-2
25922421	2
25922953	-2
25923788	2
25923805	-2
25923823	2
25923836	-2
25923958	2
25924022	-2
25924040	2
25924071	-2
25924235	2
25924257	-2
25926236	2
25926302	-2
25926323	2
25926473	-2
25926523	2
25926539	-2
25926590	2
25926857	-2
25926870	2
25926969	-2
25927673	2
25927690	-2
25927770	2
25927956	-2
25928704	2
25928788	-2
25929720	2
25929789	-2
25929806	2
25929821	-2
25930122	2
25930137	-2
25930157	2
25930303	-2
25930319	2
25930458	-2
25930468	2
25930491	-2
25933008	2
25933018	-2
25933604	2
25933824	-2
25934436	2
25934575	-2
25934691	2
25934771	-2
25934888	2
25934951	-2
25935257	2
25935307	-2
26110772	4
26111190	-4
26112619	4
26113019	-4
26113633	4
26114050	-4
26114868	4
26114882	-4
26114916	4
26114949	-4
26116705	4
26116720	-4
26118135	4
26118154	-4
26119366	4
26119386	-4
26120800	4
26120821	-4
26122656	4
26122668	-4
26124083	4
26124101	-4
26125306	4
26125316	-4
26126140	4
26126153	-4
26127151	4
26127167	-4
26128384	4
26128405	-4
26130019	4
26130033	-4
26131252	4
26131269	-4
26132889	4
26133302	-4
26134522	4
26134936	-4
26157666	2
26157682	-2
26157732	2
26157757	-2
26157789	2
26157803	-2
26157899	2
26157923	-2
26158007	2
26158018	-2
26158156	2
26158184	-2
26158239	2
26158288	-2
26158333	2
26158389	-2
26159106	2
26159220	-2
26160283	2
26160323	-2
26161089	2
26161099	-2
26161766	2
26161790	-2
26162118	2
26162133	-2
26162583	2
26162599	-2
26163123	2
26163171	-2
26164218	2
26164232	-2
26165255	2
26165288	-2
26165851	2
26165869	-2
26166883	2
26166900	-2
26166983	2
26167500	-2
26168940	2
26170172	-2
26171603	2
26172816	-2
26173435	2
26174250	-2
26174871	2
26175485	-2
26176302	2
26176919	-2
26196788	3
26197205	-3
26197605	3
26197619	-3
26198638	3
26198653	-3
26200270	3
26200287	-3
26201085	3
26201238	-3
26203556	3
26203953	-3
26204567	3
26204588	-3
26205387	3
26205521	-3
26206618	3
26206635	-3
26208055	3
26208069	-3
26209071	3
26209120	-3
26209906	3
26210104	-3
26211319	3
26211370	-3
26217271	5
26217671	-5
26218504	5
26218599	-5
26218618	5
26218787	-5
26219718	5
26219735	-5
26219770	5
26219832	-5
26219849	5
26219882	-5
26219915	5
26219968	-5
26220039	5
26220048	-5
26220134	5
26220183	-5
26221172	5
26221218	-5
26221966	5
26222388	-5
26223000	5
26223615	-5
26224231	5
26224248	-5
26224348	5
26224365	-5
26224382	5
26224402	-5
26224848	5
26224948	-5
26227716	5
26227865	-5
26228732	5
26229349	-5
26230167	5
26230781	-5
26232016	5
26232422	-5
26233849	5
26233917	-5
26239804	5
26240405	-5
26241020	5
26241834	-5
26242452	5
26243068	-5
26254132	5
26254155	-5
26254168	5
26254753	-5
26255370	5
26255403	-5
26255437	5
26256187	-5
26261503	5
26261514	-5
26261687	5
26261702	-5
26262731	5
26262754	-5
26262764	5
26262788	-5
26262954	5
26262965	-5
26262981	5
26263005	-5
26263015	5
26263053	-5
26263067	5
26263105	-5
26263114	5
26263154	-5
26263164	5
26263354	-5
26264164	5
26264188	-5
26282600	5
26282683	-5
26282831	5
26282883	-5
26282902	5
26283834	-5
26284432	5
26285050	-5
26287299	5
26287317	-5
26287420	5
26287482	-5
26287501	5
26287518	-5
26287534	5
26287567	-5
26287584	5
26289351	-5
26290185	5
26291819	-5
26291832	5
26291885	-5
26291934	5
26291983	-5
26292051	5
26292100	-5
26292119	5
26292134	-5
26292151	5
26292201	-5
26292233	5
26292301	-5
26292352	5
26292402	-5
26292418	5
26292435	-5
26292451	5
26292518	-5
26292550	5
26292603	-5
26292652	5
26292718	-5
26292752	5
26292818	-5
26292833	5
26292849	-5
26292866	5
26292914	-5
26292966	5
26293019	-5
26293085	5
26293134	-5
26293184	5
26293250	-5
26293285	5
26293353	-5
26293402	5
26293468	-5
26293518	5
26293584	-5
26293633	5
26293687	-5
26293700	5
26293718	-5
26293735	5
26293802	-5
26293851	5
26293900	-5
26293953	5
26294018	-5
26294035	5
26294052	-5
26294068	5
26294684	-5
26296935	5
26297552	-5
26298369	5
26299185	-5
26300418	5
26300817	-5
26301034	5
26302864	-5
26303282	5
26304300	-5
26304318	5
26304336	-5
26304369	5
26304381	-5
26304402	5
26304918	-5
26304988	5
26305000	-5
26305753	5
26305764	-5
26305830	5
26305887	-5
26305901	5
26306550	-5
26307254	5
26307581	-5
26308204	5
26310647	-5
26311037	5
26312080	-5
26312104	5
26312136	-5
26392166	3
26392199	-3
26392216	3
26392233	-3
26392249	3
26392299	-3
26392316	3
26392397	-3
26392416	3
26392483	-3
26395848	3
26396266	-3
26396883	3
26397283	-3
26398933	3
26399533	-3
26399950	3
26399999	-3
26400017	3
26400567	-3
26575466	3
26575532	-3
26575548	3
26575616	-3
26575666	3
26575716	-3
26575749	3
26575783	-3
26576499	3
26576515	-3
26576532	3
26576599	-3
26576632	3
26576682	-3
26576716	3
26576785	-3
26576816	3
26576852	-3
26576899	3
26576962	-3
26576999	3
26577049	-3
26654558	4
26655141	-4
26656158	4
26656775	-4
26657392	4
26658208	-4
26658842	4
26658958	-4
26658991	4
26659042	-4
26659092	4
26659124	-4
26659191	4
26659207	-4
26659258	4
26659308	-4
26659341	4
26659841	-4
26665991	4
26666408	-4
26668041	4
26668308	-4
26669674	4
26669758	-4
26670491	4
26671724	-4
26672741	4
26673774	-4
26674789	4
26675607	-4
26676842	4
26677658	-4
26679309	4
26680325	-4
26683807	4
26684843	-4
26691175	4
26691809	-4
26692210	4
26692326	-4
26693242	4
26693843	-4
26695276	4
26695890	-4
26695955	4
26696157	-4
26697324	4
26697743	-4
26698142	4
26698193	-4
26699775	4
26699842	-4
26699857	4
26699874	-4
26699892	4
26700191	-4
26700205	4
26700591	-4
26702042	4
26702209	-4
26702222	4
26702657	-4
26702675	4
26702791	-4
26702805	4
26702826	-4
26704489	4
26704525	-4
26704572	4
26705106	-4
26705123	4
26705274	-4
26705290	4
26710755	-4
26710875	4
26711689	-4
26711705	4
