%%%DateTime	ms since program start
20160808185402Z-7	13176
14423	-1
14477	-2
14496	-3
14510	-4
14527	-5
14542	-6
14993	3
15392	-3
18678	3
19077	-3
34246	3
34362	-3
34378	3
34446	-3
34479	3
34528	-3
34561	3
34577	-3
35677	3
35694	-3
35811	3
35828	-3
35844	3
35861	-3
35879	3
35895	-3
36011	3
36028	-3
36064	3
36094	-3
36145	3
36162	-3
36228	3
36243	-3
37713	3
37729	-3
38127	3
38230	-3
38244	3
38261	-3
39979	3
39995	-3
40378	3
40395	-3
41196	3
41210	-3
41612	3
41629	-3
42429	3
42446	-3
42580	3
42613	-3
42628	3
42662	-3
42695	3
42712	-3
43462	3
43477	-3
43596	3
43613	-3
43796	3
43810	-3
45096	3
45112	-3
45129	3
45146	-3
45179	3
45230	-3
45263	3
45280	-3
46113	3
46212	-3
46247	3
46263	-3
46296	3
46330	-3
46364	3
46413	-3
46430	3
46446	-3
47347	3
47963	-3
52664	3
52747	-3
52796	3
52962	-3
52980	3
52997	-3
53897	3
53931	-3
54094	3
54114	-3
83181	3
83198	-3
127617	3
127634	-3
127667	3
127717	-3
127731	3
128451	-3
129468	3
130284	-3
131517	3
132133	-3
133215	3
133267	-3
133283	3
133785	-3
134735	3
135601	-3
138067	3
139300	-3
140536	3
141401	-3
142169	3
142199	-3
142215	3
142785	-3
142799	3
142819	-3
142851	3
142935	-3
240003	3
240040	-3
240824	3
240839	-3
241105	3
241137	-3
242938	3
242956	-3
244173	3
244190	-3
245607	3
245620	-3
266071	3
266088	-3
269155	3
269288	-3
269973	3
270371	-3
271804	3
272222	-3
273237	3
273488	-3
275205	3
275521	-3
276925	3
276955	-3
277022	3
277472	-3
279387	3
279422	-3
280821	3
280839	-3
281639	3
282255	-3
283072	3
283689	-3
285939	3
286557	-3
290857	4
290974	-4
292090	4
292207	-4
293724	4
293741	-4
293808	4
293841	-4
296393	4
296791	-4
297608	4
298442	-4
303358	4
303491	-4
303508	4
303976	-4
306476	4
306490	-4
308958	4
309091	-4
309108	4
309142	-4
310010	4
310542	-4
314609	4
314790	-4
316061	4
316076	-4
316459	4
316476	-4
317893	4
317910	-4
333461	4
333477	-4
333492	4
333524	-4
333577	4
333592	-4
334078	4
335090	-4
336240	4
336375	-4
336428	4
336444	-4
337174	4
337191	-4
337241	4
337259	-4
337307	4
337790	-4
342278	4
342293	-4
343492	4
343510	-4
343524	4
343577	-4
343611	4
343662	-4
343695	4
343725	-4
343777	4
343827	-4
343842	4
343891	-4
346893	4
346907	-4
346927	4
347608	-4
349641	4
350858	-4
350879	4
350894	-4
350942	4
350978	-4
351044	4
351076	-4
364793	3
365210	-3
366843	3
366978	-3
367776	3
367811	-3
367827	3
368277	-3
370109	3
370526	-3
371143	3
371760	-3
376260	3
376278	-3
377296	3
377461	-3
379511	3
379644	-3
380244	3
380412	-3
381079	3
382044	-3
382944	3
383127	-3
383145	3
383175	-3
383228	3
383261	-3
383311	3
383345	-3
383396	3
383427	-3
383476	3
383495	-3
383561	3
383627	-3
385279	3
386095	-3
387929	3
388344	-3
389162	3
389311	-3
391212	3
392229	-3
393063	3
393126	-3
393180	3
393226	-3
393245	3
393296	-3
393313	3
393446	-3
393463	3
393496	-3
394496	3
394530	-3
394546	3
394596	-3
394613	3
395113	-3
395712	3
395729	-3
397563	3
397929	-3
398995	3
399614	-3
400430	3
400445	-3
400463	3
400477	-3
400497	3
400530	-3
400544	3
400596	-3
400630	3
400663	-3
400713	3
400728	-3
400764	3
400794	-3
400826	3
400928	-3
402677	3
402697	-3
403714	3
403730	-3
403764	3
403779	-3
403827	3
403862	-3
403911	3
403928	-3
403998	3
404014	-3
404062	3
404097	-3
404146	3
404181	-3
404230	3
404264	-3
404330	3
404363	-3
404413	3
404445	-3
404497	3
404530	-3
404598	3
404644	-3
404677	3
404714	-3
404764	3
404798	-3
404863	3
404897	-3
406161	3
406228	-3
406245	3
406296	-3
406348	3
406361	-3
406415	3
406463	-3
406497	3
406548	-3
406597	3
406613	-3
408828	3
409848	-3
410661	3
411498	-3
412111	3
412130	-3
412164	3
412180	-3
412197	3
412328	-3
412364	3
412415	-3
412430	3
412496	-3
412514	3
412580	-3
412597	3
412697	-3
413528	3
413964	-3
414465	3
414478	-3
414545	3
414678	-3
414698	3
414731	-3
414780	3
414798	-3
414844	3
414881	-3
414928	3
414964	-3
415030	3
415047	-3
417514	3
417597	-3
417614	3
417662	-3
417698	3
417815	-3
417847	3
417895	-3
417931	3
417998	-3
418011	3
418030	-3
418661	3
418681	-3
418698	3
419681	-3
422349	3
422965	-3
423578	3
423779	-3
423799	3
423828	-3
423862	3
423898	-3
423931	3
423948	-3
424598	3
424614	-3
425216	3
425230	-3
425282	3
425332	-3
425382	3
425415	-3
425461	3
425515	-3
425565	3
425597	-3
425649	3
425664	-3
426848	3
427465	-3
427965	3
428046	-3
428081	3
428115	-3
428696	3
428715	-3
429099	3
429115	-3
429516	3
429529	-3
429546	3
429566	-3
429632	3
429648	-3
429716	3
429732	-3
429799	3
429831	-3
429883	3
429915	-3
429983	3
429999	-3
430066	3
430099	-3
430164	3
430181	-3
430249	3
430265	-3
431148	3
431164	-3
431199	3
431247	-3
431282	3
431333	-3
431365	3
431399	-3
431449	3
431466	-3
431516	3
431549	-3
431599	3
431632	-3
431682	3
431713	-3
431766	3
431781	-3
431849	3
431865	-3
431932	3
431948	-3
432012	3
432030	-3
432063	3
432083	-3
432779	3
432879	-3
432917	3
432947	-3
432997	3
433029	-3
433066	3
433112	-3
433149	3
433179	-3
433233	3
433263	-3
433297	3
433347	-3
433382	3
433414	-3
433447	3
433599	-3
433630	3
433650	-3
437300	3
438115	-3
439550	3
439563	-3
439580	3
439630	-3
439650	3
440164	-3
440183	3
440216	-3
440248	3
440283	-3
440330	3
440401	-3
440415	3
440463	-3
440483	3
440498	-3
441199	3
441213	-3
441281	3
441297	-3
441366	3
441416	-3
441431	3
441466	-3
441515	3
441548	-3
441599	3
441634	-3
441679	3
441713	-3
441764	3
441797	-3
441849	3
441882	-3
441932	3
441962	-3
442013	3
442050	-3
442100	3
442129	-3
442180	3
442215	-3
442281	3
442296	-3
442347	3
442397	-3
442450	3
442498	-3
442564	3
442581	-3
444267	3
444280	-3
444299	3
444316	-3
444366	3
444666	-3
444697	3
444733	-3
444784	3
444796	-3
444850	3
444863	-3
445481	3
445513	-3
445563	3
445584	-3
445646	3
445679	-3
445733	3
445763	-3
445817	3
445832	-3
445900	3
445914	-3
445964	3
445980	-3
446046	3
446063	-3
446113	3
446166	-3
446200	3
446246	-3
446296	3
446316	-3
446383	3
446413	-3
446463	3
446498	-3
446546	3
446613	-3
446633	3
446680	-3
446732	3
446765	-3
446813	3
446847	-3
446896	3
446946	-3
447000	3
447014	-3
447083	3
447113	-3
447180	3
447229	-3
447263	3
447301	-3
447368	3
447397	-3
447447	3
447483	-3
447547	3
447566	-3
447634	3
447663	-3
447713	3
447746	-3
447813	3
447847	-3
447914	3
447963	-3
448014	3
448030	-3
448096	3
448131	-3
448196	3
448234	-3
448296	3
448313	-3
448396	3
448413	-3
448480	3
448497	-3
448564	3
448580	-3
448664	3
448679	-3
448730	3
448764	-3
448797	3
448815	-3
448831	3
448847	-3
458597	3
458613	-3
458630	3
458647	-3
458663	3
458683	-3
458716	3
458764	-3
458798	3
458947	-3
458964	3
459014	-3
459047	3
459080	-3
460231	3
460248	-3
460281	3
460330	-3
460348	3
460365	-3
460381	3
460398	-3
460548	3
460564	-3
460598	3
460614	-3
462080	3
462100	-3
462131	3
462164	-3
462198	3
462215	-3
462280	3
462314	-3
462415	3
462465	-3
462498	3
462515	-3
462548	3
462581	-3
462631	3
462664	-3
505078	4
505098	-4
505128	4
505146	-4
505178	4
505194	-4
505215	4
505262	-4
505911	4
506012	-4
506045	4
506062	-4
506095	4
506112	-4
506162	4
506178	-4
506212	4
506229	-4
507345	4
507362	-4
508363	4
508377	-4
510412	4
510496	-4
510528	4
510546	-4
511846	4
512246	-4
513281	4
513380	-4
514511	4
514630	-4
516563	4
516964	-4
517780	4
517845	-4
519630	4
519647	-4
519714	4
519730	-4
521230	4
521314	-4
522198	4
522295	-4
522347	4
522363	-4
522480	4
522514	-4
522546	4
522563	-4
524098	4
524114	-4
524131	4
524147	-4
526181	4
526315	-4
526348	4
526364	-4
527048	4
527815	-4
530679	4
530696	-4
531298	4
531315	-4
531332	4
531348	-4
531715	4
531729	-4
532332	4
532348	-4
539498	3
539513	-3
539532	3
539548	-3
541131	3
541233	-3
542363	3
542382	-3
542466	3
542481	-3
542499	3
542515	-3
542982	3
542996	-3
544000	3
544016	-3
544150	3
544348	-3
544429	3
544500	-3
670374	2
670488	-2
670505	2
670570	-2
670591	2
670657	-2
670690	2
671387	-2
671457	2
673639	-2
675070	2
675159	-2
675170	2
676105	-2
676124	2
679171	-2
679191	2
679387	-2
682057	2
682220	-2
683071	2
683104	-2
683138	2
683188	-2
683221	2
683892	-2
683938	2
683971	-2
684704	2
684839	-2
684888	2
684937	-2
685072	2
685104	-2
685155	2
685188	-2
685254	2
685292	-2
685722	2
685755	-2
685825	2
685857	-2
685921	2
685954	-2
686021	2
686056	-2
686139	2
686158	-2
686538	2
686554	-2
686956	2
686988	-2
687054	2
687091	-2
688592	2
688606	-2
688639	2
688674	-2
691505	2
691525	-2
691538	2
691605	-2
698046	2
698127	-2
698144	2
698212	-2
698260	2
698295	-2
698362	2
698376	-2
1226376	2
1226410	-2
1226759	2
1226809	-2
1227843	2
1228258	-2
1228344	2
1228359	-2
1228377	2
1228493	-2
1228512	2
1228528	-2
1228692	2
1228708	-2
1228777	2
1228827	-2
1230292	2
1230308	-2
1233176	2
1233192	-2
1234192	2
1234212	-2
1238842	2
1238860	-2
1241360	2
1241376	-2
1457630	4
1458050	-4
1461131	4
1461148	-4
1461184	4
1461216	-4
1462347	4
1462967	-4
1463980	4
1464614	-4
1465416	4
1465830	-4
1472598	4
1473081	-4
1474231	4
1474831	-4
1482016	4
1482415	-4
1628443	3
1628459	-3
1629457	3
1629489	-3
1629522	3
1629576	-3
1629608	3
1629657	-3
1629674	3
1629722	-3
1629757	3
1629807	-3
1629841	3
1629891	-3
1629904	3
1629958	-3
1629992	3
1630042	-3
1630076	3
1630123	-3
1630138	3
1630189	-3
1630205	3
1630224	-3
1631108	3
1631124	-3
1631257	3
1631274	-3
1631324	3
1631372	-3
1631408	3
1631441	-3
1631641	3
1631675	-3
1631705	3
1631757	-3
1631791	3
1631821	-3
1633555	3
1634171	-3
1634988	3
1635038	-3
1635092	3
1635121	-3
1635155	3
1635207	-3
1635223	3
1635288	-3
1635309	3
1635421	-3
1635442	3
1635504	-3
1635521	3
1635707	-3
1637038	3
1637105	-3
1637138	3
1637188	-3
1637205	3
1637242	-3
1637271	3
1637391	-3
1637408	3
1637605	-3
1638688	3
1638706	-3
1638721	3
1638855	-3
1640322	3
1640339	-3
1641138	3
1641258	-3
1641271	3
1641557	-3
1642774	3
1643188	-3
1644812	3
1644829	-3
1644863	3
1644895	-3
1644946	3
1644978	-3
1645031	3
1645045	-3
1645061	3
1645080	-3
1645097	3
1645112	-3
1646095	3
1646113	-3
1646129	3
1646496	-3
1646513	3
1646563	-3
1646581	3
1646646	-3
1646663	3
1646696	-3
1646713	3
1646763	-3
1646780	3
1647028	-3
1647846	3
1647863	-3
1647912	3
1647946	-3
1647963	3
1647996	-3
1648030	3
1648079	-3
1648096	3
1648662	-3
1650363	3
1650762	-3
1650779	3
1650844	-3
1651796	3
1651811	-3
1651829	3
1651862	-3
1651879	3
1652414	-3
1654662	3
1654678	-3
1655061	3
1655078	-3
1655110	3
1655144	-3
1655164	3
1655347	-3
1655361	3
1655381	-3
1656313	3
1656330	-3
1656362	3
1656394	-3
1656412	3
1656481	-3
1656497	3
1657113	-3
1657931	3
1657945	-3
1658097	3
1658131	-3
1658146	3
1658197	-3
1658212	3
1658246	-3
1658294	3
1658314	-3
1658345	3
1658393	-3
1658410	3
1658446	-3
1659164	3
1659178	-3
1659779	3
1659797	-3
1659812	3
1659845	-3
1659862	3
1659876	-3
1661015	3
1661029	-3
1661163	3
1661227	-3
1661245	3
1661344	-3
1661364	3
1661413	-3
1661426	3
1661445	-3
1661464	3
1661611	-3
1661629	3
1661662	-3
1662846	3
1662863	-3
1664897	3
1664913	-3
1665313	3
1665347	-3
1665364	3
1665411	-3
1665447	3
1665511	-3
1665527	3
1665678	-3
1665695	3
1665714	-3
1666745	3
1666764	-3
1667143	3
1667164	-3
