%%%DateTime	ms since program start
2016-08-14T18:50:38.429-07:00	680
1685	-1
1687	-2
1705	-3
1724	-4
1738	-5
1758	-6
13388	4
13405	-4
16072	4
16107	-4
16123	4
16272	-4
16323	4
16339	-4
48777	1
48794	-1
48878	1
49194	-1
51878	2
52011	-2
52661	2
52675	-2
52894	2
52960	-2
54528	3
54912	-3
57061	4
57095	-4
57195	4
57262	-4
57479	4
57528	-4
57779	4
57845	-4
58062	4
58079	-4
60462	5
60496	-5
60762	5
60812	-5
63096	6
63229	-6
63680	6
63729	-6
531972	3
532004	-3
532019	3
532038	-3
532055	3
532071	-3
532888	3
533022	-3
534156	3
534172	-3
534336	3
534355	-3
535273	3
535337	-3
535372	3
535386	-3
536572	3
536587	-3
536602	3
536623	-3
538669	3
538686	-3
539703	3
539719	-3
540723	3
540736	-3
541720	3
541736	-3
542403	3
542420	-3
543587	3
543606	-3
558122	3
558139	-3
559841	3
559907	-3
559922	3
559939	-3
559989	3
560006	-3
560572	3
560588	-3
562556	3
562573	-3
565490	3
565507	-3
567175	3
567190	-3
568357	3
568373	-3
570141	3
570173	-3
571941	3
571958	-3
573591	3
573608	-3
574342	3
574358	-3
574826	3
574842	-3
576175	3
576192	-3
578526	3
578542	-3
579909	3
579926	-3
580958	3
580976	-3
581575	3
581592	-3
583027	3
583060	-3
584527	3
584541	-3
585777	3
585790	-3
586556	3
586576	-3
587227	3
587240	-3
588694	3
588710	-3
590911	3
590945	-3
592644	3
592658	-3
594428	3
594458	-3
595612	3
595627	-3
596194	3
596208	-3
597312	3
597345	-3
598279	3
598295	-3
600242	3
600263	-3
602277	3
602295	-3
604076	3
604096	-3
605626	3
605643	-3
607029	3
607046	-3
607996	3
608009	-3
609359	3
609379	-3
610679	3
610714	-3
610828	3
610844	-3
611763	3
611780	-3
612414	3
612427	-3
613577	3
613594	-3
616510	3
616528	-3
617114	3
617130	-3
618562	3
618581	-3
620313	3
620364	-3
620527	3
620548	-3
621013	3
621028	-3
621044	3
621061	-3
621161	3
621181	-3
621681	3
621696	-3
622297	3
622330	-3
622347	3
622361	-3
623862	3
623898	-3
624963	3
624979	-3
643933	2
643949	-2
644966	2
644982	-2
645965	2
645981	-2
660503	3
660515	-3
661966	3
661981	-3
662583	3
662599	-3
665200	3
665216	-3
666599	3
666616	-3
667733	3
667750	-3
669550	3
669568	-3
670266	3
670283	-3
670836	3
670852	-3
671617	3
671652	-3
671850	3
671866	-3
671933	3
671949	-3
672317	3
672350	-3
672367	3
672417	-3
672466	3
672485	-3
673317	3
673366	-3
673403	3
673434	-3
673466	3
673520	-3
673536	3
673585	-3
673601	3
673651	-3
673700	3
673716	-3
674633	3
674684	-3
674701	3
674817	-3
674850	3
674883	-3
674916	3
674951	-3
677417	3
677436	-3
677903	3
677917	-3
677967	3
678000	-3
678837	3
678867	-3
678904	3
679000	-3
679037	3
679353	-3
679367	3
679401	-3
680134	3
680150	-3
680167	3
680183	-3
680266	3
680287	-3
680337	3
680353	-3
680400	3
680416	-3
680467	3
680500	-3
680534	3
680551	-3
680617	3
680634	-3
680683	3
680700	-3
681869	3
681886	-3
681985	3
682001	-3
682017	3
682036	-3
682051	3
682154	-3
682337	3
682368	-3
682387	3
682402	-3
683201	3
683218	-3
683237	3
683718	-3
684468	3
684487	-3
684534	3
684568	-3
684602	3
684668	-3
684685	3
684735	-3
684754	3
684885	-3
685518	3
685550	-3
685784	3
685803	-3
685818	3
685986	-3
686017	3
686071	-3
686086	3
686135	-3
688270	3
688351	-3
688387	3
688417	-3
688454	3
688652	-3
688668	3
688718	-3
688733	3
688784	-3
688821	3
688852	-3
689938	3
689951	-3
690151	3
690169	-3
691000	3
691017	-3
691068	3
691084	-3
691721	3
691735	-3
693135	3
693169	-3
693202	3
693302	-3
693352	3
693388	-3
694285	3
694305	-3
694338	3
694352	-3
696037	3
696068	-3
696101	3
696135	-3
696186	3
696205	-3
696254	3
696270	-3
697021	3
697219	-3
697285	3
697301	-3
697318	3
697519	-3
697537	3
697551	-3
697568	3
697586	-3
699019	2
699035	-2
700785	2
700806	-2
702838	3
702852	-3
703119	3
703136	-3
703153	3
703219	-3
703237	3
703273	-3
703321	3
703355	-3
703385	3
703452	-3
703469	3
703519	-3
703553	3
703606	-3
703635	3
703668	-3
703705	3
703738	-3
703789	3
703836	-3
703872	3
703905	-3
776501	3
776518	-3
776584	3
776602	-3
776668	3
776702	-3
778218	3
778251	-3
778885	3
778901	-3
779318	3
779334	-3
781234	3
781252	-3
781269	3
781285	-3
781452	3
781468	-3
781501	3
781518	-3
781984	3
782002	-3
799802	3
799821	-3
799836	3
799851	-3
801268	3
801285	-3
801303	3
801387	-3
801420	3
801436	-3
801470	3
801486	-3
801503	3
801519	-3
801536	3
801552	-3
801819	3
801837	-3
805721	3
805735	-3
806571	3
806585	-3
807894	3
807911	-3
809078	3
809129	-3
809277	3
809292	-3
810010	3
810026	-3
811226	3
811242	-3
811583	3
811683	-3
811700	3
811718	-3
811733	3
811751	-3
811984	3
812001	-3
812533	3
812551	-3
813301	3
813334	-3
814068	3
814085	-3
816535	3
816552	-3
816635	3
816651	-3
816669	3
816702	-3
816719	3
816735	-3
816752	3
816869	-3
816935	3
816952	-3
816969	3
816985	-3
817569	3
817585	-3
818135	3
818152	-3
818269	3
818285	-3
818368	3
818385	-3
818434	3
818452	-3
818502	3
818517	-3
818552	3
818568	-3
819285	3
819301	-3
819536	3
819552	-3
899604	4
899620	-4
1025589	3
1025606	-3
1026339	3
1026356	-3
1027907	3
1027922	-3
1028773	3
1028806	-3
1029856	3
1029873	-3
1031590	3
1031607	-3
1033324	3
1033340	-3
1034307	3
1034323	-3
1035471	3
1035488	-3
1036391	3
1036407	-3
1037357	3
1037374	-3
1038025	3
1038038	-3
1041175	3
1041189	-3
1041874	3
1041888	-3
1042537	3
1042557	-3
1043189	3
1043206	-3
1044690	3
1044707	-3
1045340	3
1045357	-3
1045840	3
1045857	-3
1045873	3
1045889	-3
1045907	3
1045938	-3
1045990	3
1046005	-3
1046089	3
1046107	-3
1046156	3
1046173	-3
1046190	3
1046207	-3
1046222	3
1046357	-3
1046475	3
1046490	-3
1047223	3
1047272	-3
1047290	3
1047324	-3
1047423	3
1047440	-3
1047457	3
1047474	-3
1047637	3
1047672	-3
1048007	3
1048024	-3
1048456	3
1048473	-3
1049423	3
1049456	-3
1049473	3
1049588	-3
1049606	3
1049624	-3
1049673	3
1049840	-3
1049856	3
1049873	-3
1050006	3
1050040	-3
1050105	3
1050123	-3
1050173	3
1050207	-3
1050240	3
1050257	-3
1051287	3
1051307	-3
1051357	3
1051373	-3
1052307	3
1052324	-3
1053490	3
1053504	-3
1053790	3
1053841	-3
1053889	3
1053925	-3
1053939	3
1053958	-3
1053975	3
1054005	-3
1054357	3
1054374	-3
1055907	3
1055923	-3
1056957	3
1056973	-3
1056990	3
1057006	-3
1057274	3
1057289	-3
1057906	3
1057923	-3
1058124	3
1058257	-3
1058274	3
1058323	-3
1058340	3
1058390	-3
1058457	3
1058474	-3
1058655	3
1058674	-3
1059224	3
1059240	-3
1059457	3
1059473	-3
1059507	3
1059524	-3
1059541	3
1059557	-3
1059690	3
1059741	-3
1059757	3
1059807	-3
1059824	3
1059923	-3
1059957	3
1059974	-3
1060088	3
1060107	-3
1060758	3
1060774	-3
1061390	3
1061406	-3
1063274	3
1063290	-3
1063307	3
1063324	-3
1064624	3
1064641	-3
1065841	3
1065891	-3
1066324	3
1066340	-3
1067391	3
1067407	-3
1069524	3
1069540	-3
1070224	3
1070241	-3
1070891	3
1070907	-3
1071574	3
1071591	-3
1073274	3
1073291	-3
1075140	3
1075157	-3
1076690	3
1076707	-3
1078724	3
1078741	-3
1079691	3
1079723	-3
1079958	3
1079975	-3
1080607	3
1080623	-3
1081808	3
1081824	-3
1083407	3
1083424	-3
1083441	3
1083457	-3
1083474	3
1083491	-3
1083656	3
1083674	-3
1083874	3
1084040	-3
1084056	3
1084090	-3
1084123	3
1084157	-3
1084191	3
1084207	-3
1085290	3
1085308	-3
1085941	3
1085975	-3
1087074	3
1087090	-3
1088023	3
1088040	-3
1089441	3
1089458	-3
1196416	3
1196431	-3
1198965	3
1198981	-3
1199643	3
1199661	-3
1200477	3
1200493	-3
1201412	3
1201427	-3
1202143	3
1202160	-3
1203711	3
1203727	-3
1205825	3
1205844	-3
1216227	3
1216244	-3
1218043	3
1218077	-3
6672783	3
6672803	-3
6672866	3
6672886	-3
6672935	3
6672952	-3
6672968	3
6672986	-3
6672999	3
6673020	-3
6674332	5
6674386	-5
6682856	5
6682874	-5
6682888	5
6682922	-5
6683657	3
6683675	-3
6683722	3
6683738	-3
6683755	3
6683774	-3
6683806	3
6683839	-3
6683859	3
6683873	-3
6683889	3
6683960	-3
6683973	3
6683989	-3
6692323	5
6692340	-5
6692356	5
6692422	-5
6692459	5
6692508	-5
6717958	3
6718042	-3
6718074	3
6718157	-3
6718174	3
6720258	5
6720359	-5
6720390	5
6720457	-5
6720525	5
6720540	-5
6720558	5
6720573	-5
6720657	5
6725240	-3
6725259	3
6729742	-5
6729808	5
6734008	4
6734025	-4
6734042	4
6734058	-4
6744609	-5
6744623	5
6786409	-3
6786426	3
6795909	-3
6795993	3
6796010	-3
6805838	3
6805855	-3
6815722	3
6815739	-3
6815755	3
6815771	-3
6815787	3
6815856	-3
6815871	3
6826889	-5
6826904	5
6831672	4
6831689	-4
6834189	-5
6834205	5
6839722	-3
6839739	3
6844022	-5
6844039	5
6850862	-5
6850878	5
6875927	4
6875977	-4
6894294	-3
6894330	3
6898460	4
6898493	-4
6898526	4
6898545	-4
6898560	4
6898629	-4
6898661	4
6898713	-4
6904444	-3
6904461	3
6904594	-3
6904610	3
6904627	-3
6904646	3
6904744	-3
6904761	3
6904878	-3
6904897	3
6904912	-3
6904928	3
6905044	-3
6916844	3
6918281	4
6918295	-4
6930144	-3
6930362	4
6930444	-4
6930495	4
6930548	-4
6930611	4
6932811	3
6933012	-3
6933128	3
6933144	-4
6939778	-5
6939795	5
6939896	-5
6939911	5
6940011	-5
6940045	5
6940145	-5
6940161	5
6943712	-5
6943729	5
6943829	-5
6943845	5
6943912	-5
6943929	5
6947796	-3
6947846	3
6947880	-3
6947913	3
6947996	-3
6948046	3
6948114	-3
6948130	3
6948147	-3
6948180	3
6948197	-3
6948280	3
6948297	-3
6949930	4
6953180	-5
6953198	5
6953248	-5
6964015	5
6964064	-5
6964080	5
6966081	-5
6966097	5
6972264	3
6972280	-3
6972381	3
6972412	-3
6972445	3
6978850	-5
6978864	5
6980296	-5
6980312	5
6986863	-5
6986881	5
6986895	-5
6986915	5
6993029	-5
6993046	5
7000462	-3
7000479	3
7000579	-3
7000713	3
7008729	-5
7008748	5
7038063	-4
7038081	4
7049415	-3
7049431	3
7052731	-5
7052749	5
7095749	-3
7095765	3
7175187	-3
7175203	3
7175336	-3
7175354	3
7254218	-3
7254237	3
7254519	-3
7254540	3
7326105	-3
7326122	3
7349275	-3
7349292	3
7349459	-3
7349478	3
7354428	-5
7354443	5
7367963	-3
7367975	3
7387045	-4
7387059	4
7387413	-4
7508843	-5
7508862	5
8480180	4
8915434	-4
8915450	4
8915666	-4
8915766	4
8932783	-4
8932803	4
8962404	-4
8962418	4
8984234	-3
8984251	3
9041572	-4
9041589	4
9079709	-5
9079724	5
9635792	-5
9635826	5
9640660	2
9640673	-2
9640774	2
9640808	-2
9640824	2
9640842	-2
9665128	-5
9665139	5
9675873	-5
9675894	5
9797179	-5
9797194	5
9797277	-5
9797293	5
9857948	-5
9857977	5
10793810	-5
10807025	5
11022766	-5
11022776	5
11379236	-3
11379253	3
11379370	-3
11379386	3
11379453	-3
11403052	3
11403071	-3
11403086	3
11403173	-3
11403184	3
11403205	-3
11403215	3
11403253	-3
11403270	3
11500540	-3
11500573	3
11623020	-3
11623043	3
11703705	1
11703824	-1
11703857	1
11703924	-1
11703940	1
11703957	-1
11716404	-4
11716425	4
11720593	-4
11720609	4
11720704	-4
11720727	4
11776057	-5
11776072	5
11854756	-5
11854776	5
12009324	-5
12009341	5
12009478	-5
12010306	5
12013325	-5
12013342	5
12024143	6
12024193	-6
12043846	-5
12043860	5
12053563	-4
12053576	4
12053595	-4
12108811	4
12108871	-4
12108893	4
12121506	6
12121522	-6
12121589	6
12121605	-6
12121622	6
12121639	-6
12121722	6
12121739	-6
12121756	6
12121906	-6
12126876	-4
12126890	4
12126906	-4
12126923	4
12159627	-4
12159640	4
12159660	-4
12159674	4
12159775	-4
12159810	4
12165910	6
12166008	-6
12166020	6
12166093	-6
12198469	-4
12198493	4
12198602	-4
12204608	6
12204619	-6
12204676	6
12204705	-6
12204793	6
12204819	-6
12204836	6
12204860	-6
12204885	6
12204909	-6
12226686	-5
12226703	5
12238288	6
12238521	-6
12238538	6
12251254	-6
12251272	6
12251354	-6
12251372	6
12257807	-6
12257820	6
12259252	-6
12259273	6
12269553	-6
12269568	6
12275357	-6
12275371	6
12275455	-6
12275473	6
12289318	-6
12289351	6
12300416	-6
12300441	6
12305534	-6
12305557	6
12310836	-6
12310850	6
12310939	-6
12310954	6
12311055	-6
12311071	6
12320505	-6
12320521	6
12320605	-6
12320620	6
12320738	-6
12320753	6
12919508	-6
13040641	4
13040656	-4
13040674	4
13040692	-4
13040706	4
13040777	-4
13126592	2
13126607	-2
13126625	2
13126675	-2
13152227	-5
13152237	5
13239204	-5
13239223	5
13252108	-5
13252121	5
13359433	2
13359455	-2
13359535	2
13359554	-2
13359570	2
13359586	-2
13362571	4
13362587	-4
13362673	4
13362683	-4
13362706	4
13362719	-4
13393200	4
13393287	-4
13393317	4
13393434	-4
13393467	4
13393556	-4
13675767	-5
13675779	5
13675984	-5
13676001	5
13720469	2
13720501	-2
13720514	2
13720548	-2
13720614	2
13720648	-2
13720681	2
13720697	-2
13756052	-5
13756065	5
13808630	4
13808736	-4
13808767	4
13808817	-4
13808828	4
13808869	-4
14254838	4
14254905	-4
14910497	-5
14910512	5
14980296	2
14980312	-2
14980329	2
14980362	-2
14980379	2
14980395	-2
15002831	-5
15002842	5
15557789	-5
15557805	5
15557838	-5
15557851	5
15631501	4
15631568	-4
15631634	4
15631668	-4
15631684	4
15631702	-4
15631718	4
15631735	-4
15645920	-5
15645935	5
15660018	-5
15660038	5
15707134	-5
15707149	5
15708834	-5
15713583	5
15762419	-5
15762433	5
15769599	-5
15769616	5
15769884	-5
15770103	5
15782946	-5
15782970	5
16060228	-3
16060279	3
16090315	4
16090349	-4
16090365	4
16090382	-4
16090416	4
16090426	-4
16105900	4
16105911	-4
16105930	4
16105948	-4
16105965	4
16106014	-4
16106048	4
16106116	-4
16111143	4
16111194	-4
16111227	4
16111243	-4
16127110	-3
16127133	3
16134382	4
16134410	-4
16134434	4
16134466	-4
16134500	4
16134584	-4
16158183	4
16158193	-4
16158210	4
16158277	-4
16158330	4
16158343	-4
16171409	4
16171444	-4
16171478	4
16171511	-4
16171528	4
16171544	-4
16181162	4
16181196	-4
16181229	4
16185746	-5
16185763	5
16185780	-5
16185796	5
16185879	-5
16185896	5
16185980	-5
16187713	5
16212029	6
16212047	-6
16214913	-3
16214924	3
16221082	6
16221095	-6
16254896	-4
16489537	1
16489554	-1
16489620	1
16489637	-1
16568358	6
16568438	-6
16568491	6
16568504	-6
16568537	6
16568554	-6
16568571	6
16568591	-6
16568604	6
16568624	-6
16568654	6
16568671	-6
16568704	6
16568724	-6
16568771	6
16568788	-6
16568807	6
16568821	-6
16568838	6
16568854	-6
16568874	6
16568888	-6
16568954	6
16568971	-6
16579738	4
16579772	-4
16579806	4
16579839	-4
16579856	4
16579873	-4
16691401	2
16691449	-2
16691504	2
16691554	-2
16691569	2
16691604	-2
16691619	2
16691636	-2
16691654	2
16691671	-2
16691700	2
16691721	-2
16691737	2
16691754	-2
16705449	2
16705466	-2
16705516	2
16705532	-2
16705549	2
16705566	-2
16705582	2
16705604	-2
16705649	2
16705666	-2
16782598	2
16782617	-2
16782716	2
16782736	-2
16782816	2
16782833	-2
16803052	6
16803068	-6
16803149	6
16803202	-6
16803219	6
16803319	-6
16803334	6
16803452	-6
16803467	6
16803485	-6
16803502	6
16803535	-6
16803552	6
16803564	-6
16803585	6
16811004	-5
16811013	-6
16811030	5
16825747	6
16825848	-6
16825865	6
16825898	-6
16825915	6
16826098	-6
16826115	6
16826130	-6
16826148	6
16826265	-6
16826281	6
16826513	-6
16842449	6
16842550	-6
16842566	6
16842667	-6
16842683	6
16842700	-6
16842717	6
16842800	-6
16842850	6
16842950	-6
16842967	6
16843117	-6
16843133	6
16843148	-6
16847917	6
16848034	-6
16848051	6
16848184	-6
16848201	6
16848318	-6
16848334	6
16893346	-3
16893364	3
16893384	-3
16893396	3
16893481	-3
16893513	3
16893629	-3
16893664	3
16893781	-3
16893797	3
16893817	-3
16893831	3
16893896	-3
16893914	3
16893931	-3
16900564	3
16900582	-3
16900598	3
16900615	-3
16900633	3
16900665	-3
16900684	3
16900698	-3
16900715	3
16900949	-3
16900965	3
17170296	-6
17170330	6
17170413	-6
17170430	6
17170446	-6
17192460	-3
17192482	3
17192559	-3
17192583	3
17192647	-3
17214826	6
17214879	-6
17214893	6
17229696	-5
17229712	5
17269376	-6
17269394	6
17269494	-6
17269511	6
17296779	-6
17296796	6
17302795	-6
17302813	6
17311341	-6
17311359	6
17311458	-6
17311477	6
17333528	-6
17333544	6
18038832	-5
18038849	5
18038866	-5
18038882	5
18038982	-5
18038998	5
18039031	-5
18039047	5
18040264	-5
18047899	5
18047933	-5
18048000	5
18048084	-5
18048100	5
18195035	4
18195047	-4
18195065	4
18195077	-4
18358411	-6
18368029	-5
18368046	5
18377397	-5
18377413	5
18385347	-5
18385358	5
18385465	-5
18385479	5
18385497	-5
18385508	5
18428480	-5
18428495	5
18443447	-5
18443463	5
18446397	4
18446411	-4
18446430	4
18446494	-4
18454459	4
18454542	-4
18454631	4
18454642	-4
18455831	-5
18455842	5
18458576	2
18458659	-2
18587442	-5
18587460	5
18653543	2
18653593	-2
18665861	-5
18665875	5
18792738	-5
18794710	5
18794722	-5
18794739	5
18794789	-5
18794805	5
18802590	4
18802655	-4
18802676	4
18802690	-4
18817808	4
18817823	-4
18817841	4
18817875	-4
18817942	4
18817991	-4
18818004	4
18818025	-4
18818074	4
18818108	-4
18840571	3
18840592	-3
18840659	3
18840759	-3
18840792	3
18840908	-3
18862688	4
18862705	-4
18862772	4
18862805	-4
18866756	4
18866772	-4
18879307	4
18879340	-4
18879421	4
18879442	-4
18894153	-5
18894176	5
18935486	4
18935509	-4
18935656	4
18935674	-4
18955885	-5
18955902	5
18966754	-5
18966770	5
19100538	-5
19100550	5
19135284	4
19135402	-4
19261337	2
19261347	-2
19342298	4
19342314	-4
19342346	4
19342381	-4
19362317	4
19362333	-4
19362351	4
19362366	-4
19362384	4
19362417	-4
19362432	4
19362448	-4
19362466	4
19362481	-4
19382834	-5
19415115	4
19415131	-4
19415149	4
19415181	-4
19422433	4
19422449	-4
19439378	5
19439411	-5
19448396	4
19448413	-4
19448446	4
19448496	-4
19448530	4
19448546	-4
19462196	4
19462216	-4
19462231	4
19462246	-4
19462262	4
19462281	-4
19462298	4
19462347	-4
19462432	4
19462466	-4
19466398	4
19466414	-4
19466430	4
19466448	-4
19472549	4
19472566	-4
19472632	4
19472646	-4
19478416	4
19478450	-4
19478483	4
19478532	-4
19478549	4
19478579	-4
19478594	4
19478617	-4
19478628	4
19478680	-4
19478699	4
19478716	-4
19478749	4
19478779	-4
19542033	4
19542077	-4
19542099	4
19542110	-4
19542149	4
19542228	-4
19542282	4
19542315	-4
19799812	5
19799843	-5
19799856	5
19799945	-5
19799960	5
19878038	-5
19878059	5
20056358	3
20056387	-3
20056425	3
20056438	-3
20056491	3
20056537	-3
20056554	3
20056591	-3
20056621	3
20056676	-3
20056687	3
20056804	-3
20056821	3
20091119	-5
20091142	5
20093669	-5
20093686	5
20254299	-3
20254315	3
20254432	-3
20254449	3
20284251	-5
20284265	5
20295221	-5
20295236	5
20335016	-5
20335035	5
20685363	-3
20685379	3
20738913	4
20738923	-4
20738963	4
20739012	-4
20739023	4
20739046	-4
20777945	2
20777961	-2
20778041	2
20778061	-2
20778077	2
20778093	-2
20778111	2
20778139	-2
20778160	2
20778195	-2
20778245	2
20778262	-2
20778278	2
20778295	-2
20800930	2
20800943	-2
20801007	2
20801030	-2
20801042	2
20801061	-2
20801095	2
20801110	-2
20801123	2
20801163	-2
20801174	2
20801195	-2
20826542	2
20826675	-2
20826712	2
20826775	-2
20826809	2
20826912	-2
20826942	2
20827012	-2
20842878	2
20842910	-2
20842959	2
20842978	-2
20842993	2
20843009	-2
20843044	2
20843061	-2
20843094	2
20843111	-2
20843128	2
20843143	-2
20848422	-5
20848474	5
20848522	-5
20886910	5
20886954	-5
20886976	5
20886992	-5
20887010	5
20887026	-5
20887042	5
20887125	-5
20887143	5
20898895	-5
20898908	5
20898992	-5
20899009	5
20902273	-5
20902293	5
20902309	-5
20902345	5
20902371	-5
20902394	5
20902407	-5
20902428	5
20902442	-5
20902460	5
20902526	-5
20902556	5
20902610	-5
20907789	5
20907809	-5
20907840	5
20907928	-5
20907975	5
20908012	-5
20908023	5
20908045	-5
20908055	5
20908092	-5
20914676	5
20914743	-5
20914777	5
20914810	-5
20914825	5
20914921	-5
20914946	5
20918312	2
20918360	-2
20918394	2
20918407	-2
20918445	2
20918477	-2
20918493	2
20918505	-2
20918561	2
20918588	-2
20918638	2
20918688	-2
20918725	2
20918822	-2
20918855	2
20918922	-2
20935758	2
20935874	-2
20935891	2
20946108	-5
20946125	5
21008087	-3
21008111	3
21062208	-5
21062225	5
21062342	-5
21062359	5
21082671	-5
21082688	5
21092323	4
21092420	-4
21092476	4
21092590	-4
21092640	4
21092706	-4
21096588	-5
21096607	5
21096723	-5
21096740	5
21098407	-5
21098424	5
21117653	4
21117677	-4
21117690	4
21117706	-4
21123144	-5
21123157	5
21177726	6
21177736	-6
21177859	6
21177874	-6
21177891	6
21178002	-6
21219142	6
21219258	-6
21219274	6
21219357	-6
21219374	6
21219387	-6
21219406	6
21219490	-6
21219507	6
21219524	-6
21281958	-5
21281969	5
21290209	6
21290259	-6
21290292	6
21290319	-6
21290341	6
21290357	-6
21290373	6
21290586	-6
21290609	6
21290703	-6
21290719	6
21290742	-6
21297807	-5
21297820	5
21302104	6
21302237	-6
21302255	6
21302487	-6
21302509	6
21302587	-6
21365852	6
21365874	-6
21365886	6
21365936	-6
21365968	6
21365986	-6
21366036	6
21366187	-6
21366202	6
21368340	4
21368420	-4
21368435	4
21368452	-4
21368474	4
21368485	-4
21368502	4
21368518	-4
21376470	-6
21380888	6
21380922	-6
21380954	6
21381002	-6
21381022	6
21381122	-6
21381138	6
21383222	-6
21398257	6
21398283	-6
21398300	6
21398473	-6
21398487	6
21406418	-6
21406434	6
21410485	-6
21410502	6
21410606	-6
21410617	6
21413502	-6
21413519	6
21454874	-6
21454886	6
21459350	-6
21459366	6
21459491	-6
21459501	6
21463566	-6
21463590	6
21466938	-6
21466950	6
21467066	-6
21467083	6
21467216	-6
21467238	6
21473623	-6
21473634	6
21477885	-6
21477935	6
21477951	-6
21477986	6
21478001	-6
21478018	6
21478035	-6
21485869	6
21485936	-6
21485986	6
21486016	-6
21486036	6
21486069	-6
21486086	6
21486101	-6
21486118	6
21486134	-6
21486169	6
21486186	-6
21486202	6
21486218	-6
21486236	6
21486302	-6
21486340	6
21486352	-6
21497420	6
21497502	-6
21497520	6
21497533	-6
21497554	6
21497570	-6
21497587	6
21497636	-6
21497736	6
21497754	-6
21499904	4
21499988	-4
21500003	4
21500021	-4
21500053	4
21500121	-4
21500184	4
21500254	-4
21500268	4
21500368	-4
21500388	4
21500400	-4
21500422	4
21500433	-4
21500504	4
21501736	6
21501854	-6
21501865	6
21501955	-6
21501966	6
21538068	-4
21538170	4
21538337	-4
21538352	4
21549888	-6
21549902	6
21595918	-3
21595935	3
21610235	-6
21610252	6
21610353	-6
21610370	6
21610486	-6
21610502	6
21638533	-6
21638550	6
21638633	-6
21638650	6
21638767	-6
21638783	6
21644167	-6
21644184	6
21649151	-6
21649168	6
21657702	-6
21657718	6
21657819	-6
21657834	6
22335055	-6
22810718	-5
22810732	5
22810755	-5
22810765	5
22826233	-5
22826249	5
22938047	-4
22938064	4
22938082	-4
22958151	4
22958167	-4
22958201	4
22958218	-4
23048846	4
23048864	-4
23048881	4
23048932	-4
23048947	4
23048964	-4
23048981	4
23049014	-4
23049063	4
23049097	-4
23149379	4
23149429	-4
23149445	4
23149612	-4
23149645	4
23149828	-4
23149869	4
23149979	-4
23149996	4
23150036	-4
23150045	4
23150195	-4
23150216	4
23178066	-4
23195445	4
23195564	-4
23195617	4
23195680	-4
23195700	4
23195768	-4
23195928	4
23195951	-4
23239182	4
23239199	-4
23239265	4
23239333	-4
23239366	4
23239466	-4
23239515	4
23239615	-4
23239665	4
23239749	-4
23239815	4
23254918	-4
23254927	4
23262077	-4
23262096	4
23293043	-4
23293066	4
23347881	-4
23347897	4
23347914	-4
23347931	4
23348031	-4
23348081	4
23348131	-4
23348147	4
23348164	-4
23350398	4
23350498	-4
23350566	4
23350664	-4
23350698	4
23359762	-4
23359781	4
23359844	-4
23359866	4
23359881	-4
23359909	4
23359981	-4
23364443	4
23364551	-4
23364596	4
23364677	-4
23366963	-3
23366976	3
23377283	4
23377380	-4
23496094	4
23496194	-4
23496261	4
23496327	-4
23576162	4
23576176	-4
23576195	4
23576229	-4
23642889	4
23642912	-4
23642988	4
23643011	-4
23643080	4
23643161	-4
23643194	4
23643238	-4
23643278	4
23643323	-4
23643345	4
23643358	-4
23659441	4
23659457	-4
23659507	4
23659557	-4
23659575	4
23659678	-4
23671142	-5
23671158	5
23671309	-5
23671325	5
23680610	-2
23680643	2
23680694	-2
23680709	2
23713008	-5
23713024	5
23817973	4
23818073	-4
23818123	4
23818189	-4
23818206	4
23818223	-4
24239431	4
24239448	-4
24239465	4
24239482	-4
24239498	4
24239515	-4
24256132	-2
24256150	2
24334279	4
24334300	-4
24374481	4
24374498	-4
24374516	4
24374533	-4
24374548	4
24374583	-4
24374600	4
24374617	-4
24374631	4
24374650	-4
24374683	4
24374717	-4
24374733	4
24374748	-4
24397583	4
24397684	-4
24397750	4
24397830	-4
24426117	-5
24426133	5
24426251	-5
24426266	5
24452551	4
24452584	-4
24452644	4
24452677	-4
24452718	4
24452748	-4
24452777	4
24452799	-4
24513294	4
24513348	-4
24513365	4
24513394	-4
24513410	4
24513427	-4
24513451	4
24513483	-4
24513494	4
24513550	-4
24513565	4
24522752	-5
24522763	5
24552331	-5
24552348	5
24552431	-5
24552448	5
24553427	-5
24553447	5
24605876	-5
24605899	5
24632111	-4
24632131	4
24632147	-4
24632164	4
24657113	-5
24657130	5
24683083	-5
24683093	5
24734309	-3
24734364	3
24748981	-4
24749047	4
24761647	6
24761694	-6
24761711	6
24761761	-6
24761776	6
24761794	-6
24761811	6
24761881	-6
24761894	6
24761994	-6
24762014	6
24762028	-6
24762044	6
24762144	-6
24762162	6
24762244	-6
24775457	-5
24775480	5
24791842	-5
24791858	5
24793676	-2
24793692	2
24839325	-2
24839346	2
24839445	-2
24839461	2
24858825	6
24858842	-6
24858875	6
24858992	-6
24859008	6
24859128	-6
24859141	6
24859174	-6
24859259	6
24859280	-6
24876080	6
24876312	-6
24876329	6
24876427	-6
24876444	6
24877397	-6
24881145	1
24881159	-1
24881411	1
24881424	-1
24881445	1
24881462	-1
24883462	6
24883594	-6
24883612	6
24883712	-6
24883729	6
24888846	-6
24888878	6
24888929	-6
24888946	6
24889056	-6
24889080	6
24889280	-6
24889331	6
24889363	-6
24889378	6
24889395	-6
24889412	6
24889546	-6
24889561	6
24889590	-6
24889640	6
24889673	-6
24889696	6
24889706	-6
24894464	-4
24894497	4
24894529	-4
24899680	4
24899690	-4
24899707	4
24899763	-4
24899790	4
24899874	-4
24899890	4
24899907	-4
24907542	-3
24907559	3
24908725	6
24908842	-6
24908859	6
24909074	-6
24909090	6
24909240	-6
24909259	6
24909409	-6
24909425	6
24909541	-6
24909563	6
24919076	4
24919090	-4
24919125	4
24921461	-6
24921477	6
24932046	-6
24932061	6
24932194	-6
24932211	6
24932290	-6
24932312	6
24937178	-4
24937190	4
24937213	-4
24937227	4
24937279	-4
24938456	1
24938528	-1
24940012	-6
24940027	6
24940163	-6
24940176	6
24942563	4
24942631	-4
24942639	4
24942664	-4
24942676	4
24945978	-3
24947109	-6
24947126	6
24947394	-6
24947407	6
24948856	3
24948957	-3
24948976	3
24950390	-4
24950429	4
24950479	-4
24962395	4
24964823	-6
24964844	6
24964963	-6
24964977	6
24965107	-6
24965124	6
24965223	-6
24965240	6
24969057	-2
24969073	2
24978976	-6
24978992	6
24979092	-6
24979109	6
24979243	-6
24979259	6
24980643	-4
24980661	4
24980791	-4
24980878	4
24980909	-4
24980928	4
24980943	-4
24987193	-6
24987210	6
25014989	4
25015075	-4
25015105	4
25036643	-4
25036659	4
25036910	-4
25036924	4
25078306	-4
25078322	4
25081343	-5
25081356	5
25083539	-4
25083555	4
25083624	-4
25088674	4
25088741	-4
25088757	4
25088774	-4
25088791	4
25090690	-3
25090708	3
25096208	-4
25096241	4
25103393	-4
25103426	4
25103493	-4
25103558	4
25103625	-4
25103642	4
25118121	-4
25118144	4
25118221	-4
25126408	-3
25126422	3
25126539	-3
25126555	3
25128672	4
25128872	-4
25128889	4
25128988	-4
25129039	4
25129056	-4
25129073	4
25129089	-4
25132606	-5
25132623	5
25134273	4
25148258	-4
25148274	4
25178504	-4
25180239	-3
25180255	3
25180287	-3
25180338	3
25183720	4
25183742	-4
25183754	4
25205573	-5
25205589	5
25211091	-3
25211106	3
25220525	-4
25220536	4
25230236	-5
25230251	5
25258240	-4
25258256	4
25258374	-4
25258386	4
25258407	-4
25258422	4
25281274	-4
25281543	4
25320823	-4
25320856	4
25321156	-4
25321171	4
25323637	-5
25323656	5
25394689	-6
25484389	-5
25484403	5
25509882	-5
25509906	5
25740899	-4
25794033	-5
25794049	5
25941979	-5
25942000	5
25950343	-5
25950362	5
25958512	-5
25958529	5
25958562	-5
25958579	5
25966748	-5
25966762	5
26103909	6
26103942	-6
26104026	6
26104061	-6
26104076	6
26104092	-6
26118061	6
26118078	-6
26118161	6
26118194	-6
26118261	6
26118276	-6
26118295	6
26133630	-6
26133646	6
26169382	-5
26169411	5
26169481	-5
26169557	5
26169576	-5
26360427	5
26360440	-5
26360460	5
26360475	-5
26360493	5
26360508	-5
26360526	5
26360542	-5
26368774	5
26368789	-5
26378941	4
26378988	-4
26379054	4
26379906	-4
26383492	5
26383528	-5
26383541	5
26389654	-5
26389677	5
26389772	-5
26389793	5
26430587	4
26430670	-4
26430721	4
26430860	-4
26496109	4
26496190	-4
26496226	4
26502493	-6
26502506	6
26578958	-4
26578971	4
26582523	-6
26582539	6
26582659	-6
26582671	6
26582773	-6
26582789	6
26590824	-4
26590838	4
26590857	-4
26590976	4
26590988	-4
26594088	-6
26594107	6
26594341	-6
26594356	6
26599589	-6
26599606	6
26600922	4
26600991	-4
26601005	4
26601024	-4
26601039	4
26601056	-4
26604206	-5
26604222	5
26604272	-5
26604285	5
26618304	-3
26618321	3
26618871	4
26618904	-4
26618957	4
26619021	-4
26619041	4
26619054	-4
26619071	4
26619171	-4
26619204	4
26619224	-4
26619257	4
26619304	-4
26620504	4
26620521	-4
26620557	4
26620671	-4
26620721	4
26620823	-4
26620886	4
26620990	-4
26621004	4
26621023	-4
26628872	4
26628987	-4
26629005	4
26629023	-4
26629073	4
26629156	-4
26629172	4
26629189	-4
26629239	4
26629322	-4
26629406	4
26629472	-4
26629556	4
26629606	-4
26632274	-6
26632289	6
26632656	4
26632672	-4
26632706	4
26632772	-4
26632789	4
26636340	-4
26636355	4
26637201	-6
26637223	6
26637255	-6
26637272	6
26637289	-6
26637306	6
26647935	-3
26647951	3
26675137	-5
26675155	5
26681439	-4
26681450	4
26700375	-4
26705191	-6
26705204	6
26705306	-6
26705321	6
26705418	-6
26705440	6
26709672	4
26710141	-4
26710152	4
26765335	-4
26765352	4
26765368	-4
26770836	4
26770988	-4
26771019	4
26788605	-5
26788617	5
26798604	-5
26798616	5
26816066	-5
26816088	5
26882835	-5
26882852	5
26947851	-5
26947868	5
27011485	-4
27011536	4
27011551	-4
27021986	4
27022001	-4
27022017	4
27022036	-4
27048382	4
27048397	-4
27048432	4
27048465	-4
27109650	-5
27109666	5
27111315	-5
27111333	5
27111350	-5
27111367	5
27172082	4
27172149	-4
27172163	4
27172232	-4
27172249	4
27172265	-4
27172296	4
27172366	-4
27172382	4
27172399	-4
27172450	4
27178366	-3
27181183	3
27182583	-2
27182599	2
27209280	-4
27209297	4
27209314	-4
27209329	4
27209413	-4
27209430	4
27209447	-4
27213114	-5
27213131	5
27225249	-2
27225261	2
27268515	-3
27268528	3
27277280	4
27277365	-4
27277443	4
27277467	-4
27302560	-3
27302577	3
27312810	4
27312829	-4
27312843	4
27312862	-4
27312878	4
27312895	-4
27321994	4
27322097	-4
27322112	4
27322212	-4
27322261	4
27322312	-4
27322329	4
27322346	-4
27322361	4
27322379	-4
27322412	4
27322427	-4
27325128	4
27325147	-4
27325179	4
27325211	-4
27325228	4
27325245	-4
27325262	4
27325312	-4
27328929	-2
27328945	2
27337010	-5
27337032	5
27342448	-6
27342460	6
27342481	-6
27342549	6
27342559	-6
27342597	6
27342647	-6
27342681	6
27342692	-6
27342713	6
27342813	-6
27342827	6
27342847	-6
27342858	6
27342896	-6
27342929	6
27342942	-6
27346147	4
27346182	-4
27346249	4
27346316	-4
27360347	6
27360398	-6
27360413	6
27360425	-6
27360443	6
27360465	-6
27360515	6
27360529	-6
27360543	6
27360683	-6
27360695	6
27360748	-6
27364949	4
27364961	-4
27365017	4
27365109	-4
27365149	4
27365210	-4
27365232	4
27365246	-4
27366659	4
27366676	-4
27366716	4
27366729	-4
27366748	4
27366759	-4
27372560	4
27372575	-4
27372609	4
27372646	-4
27372676	4
27372730	-4
27372742	4
27372796	-4
27372842	4
27372948	-4
27378227	-3
27378244	3
27390529	-2
27390545	2
27418098	4
27418125	-4
27418192	4
27418242	-4
27418259	4
27418542	-4
27418559	4
27420008	-4
27420059	4
27420075	-4
27420092	4
27420293	-4
27420329	4
27420391	-4
27433044	4
27433078	-4
27433111	4
27433128	-4
27433180	4
27433259	-4
27433276	4
27433294	-4
27433311	4
27433378	-4
27454480	4
27454495	-4
27454508	4
27454531	-4
27454563	4
27454658	-4
27454680	4
27455579	-4
27455591	4
27455648	-4
27455661	4
27455680	-4
27455745	4
27455764	-4
27455797	4
27455914	-4
27475141	4
27475257	-4
27475291	4
27475410	-4
27475424	4
27475447	-4
27475458	4
27475498	-4
27480058	4
27480142	-4
27480175	4
27480248	-4
27480257	4
27480278	-4
27480291	4
27480308	-4
27480325	4
27480392	-4
27480408	4
27480429	-4
27480461	4
27480508	-4
27492563	4
27492609	-4
27492642	4
27492660	-4
27492693	4
27492777	-4
27492797	4
27492810	-4
27492846	4
27492893	-4
27492993	4
27493026	-4
27494343	4
27494410	-4
27494510	4
27494527	-4
27494660	4
27494677	-4
27501711	4
27501763	-4
27501778	4
27504529	-3
27504545	3
27520911	6
27520924	-6
27520957	6
27520981	-6
27521057	6
27521079	-6
27521095	6
27521123	-6
27521146	6
27521157	-6
27524657	-4
27524674	4
27529641	-4
27529656	4
27529675	-4
27529713	4
27529775	-4
27529797	4
27529808	-4
27529825	4
27529841	-4
27529880	4
27529926	-4
27529945	4
27529959	-4
27530012	4
27530058	-4
27636123	4
27636223	-4
27636256	4
27636329	-4
27636406	4
27636423	-4
27636506	4
27636527	-4
27636573	4
27636629	-4
27636640	4
27636656	-4
27636673	4
27636692	-4
27674639	1
27674661	-1
27674671	1
27674695	-1
27674708	1
27674759	-1
27674808	1
27674927	-1
27674960	1
27675043	-1
27675059	1
27675076	-1
27690755	4
27690771	-4
27690891	4
27690958	-4
27690992	4
27691008	-4
27691021	4
27691071	-4
27707890	4
27707990	-4
27708023	4
27708144	-4
27708172	4
27708273	-4
27708323	4
27720874	-4
27720908	4
27720975	-4
27725525	-5
27730842	5
27730875	-5
27730904	5
27736924	4
27737009	-4
27737024	4
27737037	-4
27737070	4
27737137	-4
27737158	4
27737174	-4
27737258	4
27737271	6
27737291	-4
27737320	4
27737337	-4
27737374	-6
27737391	6
27737404	-6
27737424	6
27737503	-6
27737537	6
27737624	-6
27737641	6
27737658	-6
27737674	6
27737724	-6
27740187	1
27740204	-1
27740221	1
27740236	-1
27740337	1
27740357	-1
27742970	4
27742991	-4
27747672	4
27747687	-4
27747737	4
27747755	-4
27749838	6
27749855	-6
27749871	6
27749887	-6
27749921	6
27750040	-6
27750074	6
27750088	-6
27750108	6
27750188	-6
27750371	-5
27750388	5
27751009	-2
27751023	2
27752756	4
27752806	-4
27752825	4
27752905	-4
27752973	4
27753004	-4
27761955	4
27761973	-4
27761990	4
27762007	-4
27763991	6
27764007	-6
27764057	6
27764074	-6
27764091	6
27764107	-6
27764124	6
27764141	-6
27764174	6
27764191	-6
27764241	6
27764274	-6
27764322	6
27764343	-6
27764357	6
27764374	-6
27765107	6
27765157	-6
27765174	6
27765207	-6
27765260	6
27765324	-6
27765374	6
27765474	-6
27768875	4
27768975	-4
27768991	4
27769090	-4
27769107	4
27769342	-4
27769354	4
27772925	-4
27773056	4
27773075	-4
27786976	4
27787010	-4
27787020	4
27787039	-4
27787056	4
27787090	-4
27787125	4
27798189	-4
27798209	4
27798305	-4
27798320	4
27798359	-4
27798372	4
27798392	-4
27805753	-3
27805770	3
27806003	-3
27811521	4
27811606	-4
27811636	4
27815655	-4
27815671	4
27818742	3
27818755	-3
27818775	3
27818791	-3
27818805	3
27822225	-4
27822272	4
27822805	-4
27822821	4
27825776	-4
27825787	4
27829257	6
27829290	-6
27829308	6
27829323	-6
27829340	6
27829357	-6
27829373	6
27829407	-6
27829441	6
27829457	-6
27829490	6
27829557	-6
27829572	6
27829590	-6
27829622	6
27829689	-6
27829707	6
27829725	-6
27829773	6
27829807	-6
27829825	6
27829840	-6
27833276	-4
27833303	4
27833389	-4
27833439	4
27833509	-4
27833573	4
27833641	-4
27837675	-5
27837691	4
27837708	5
27843339	6
27843356	-6
27843373	6
27843389	-6
27843439	6
27843456	-6
27843473	6
27843488	-6
27843573	6
27843588	-6
27843607	6
27843623	-6
27843639	6
27843656	-6
27843688	6
27843705	-6
27843721	6
27843738	-6
27853585	-4
27853603	4
27853637	-4
27853703	4
27853770	-4
27854274	-5
27854287	5
27856553	4
27856654	-4
27856670	4
27856687	-4
27856704	4
27856789	-4
27856836	4
27856922	-4
27856977	4
27857021	-4
27866921	4
27866938	-4
27866972	4
27867040	-4
27867055	4
27867071	-4
27872089	4
27872122	-4
27872204	4
27872306	-4
27873206	6
27873289	-6
27873306	6
27873552	-6
27873574	6
27875738	-5
27875755	5
27875821	-5
27875840	5
27879474	4
27879490	-4
27879507	4
27879524	-4
27879540	4
27882291	-4
27883507	4
27888125	-6
27888140	6
27888552	-6
27888575	6
27889608	-4
27889623	4
27896907	-4
27896941	4
27897022	-4
27897041	4
27897057	-4
27897074	4
27897158	-4
27897208	4
27897273	-6
27897290	6
27914036	-4
27914059	4
27916152	-6
27916176	6
27916286	-6
27916309	6
27916602	-6
27916624	6
27918136	-4
27918153	4
27923570	-4
27923620	4
27923703	-4
27923806	4
27923835	-4
27924603	-6
27924620	6
27924637	4
27925137	-4
27925154	4
27926204	-4
27926225	4
27931503	-3
27931518	3
27936370	-6
27936387	6
27936671	-6
27936687	6
27937054	-6
27937070	6
27942088	-3
27942103	3
27942120	-3
27942136	3
27942220	-3
27947371	-6
27947387	6
27949337	-4
27949353	4
27949475	-4
27949520	4
27953536	1
27953552	-1
27953586	1
27953604	-1
27953770	1
27953790	-1
27953819	1
27953837	-1
27953853	1
27953869	-1
27953886	1
27953990	-1
27954040	1
27954118	-1
27954136	1
27954151	-1
27954170	1
27954236	-1
27954252	1
27954271	-1
27954302	1
27954369	-1
27954386	1
27954402	-1
27962639	-6
27962653	6
27962752	-6
27962769	6
27963069	-6
27963085	6
27963435	-6
27963458	6
27963586	-6
27963602	6
27963619	-4
27963635	4
27969153	-4
27969170	4
27975704	3
27975821	-3
27975855	3
27976274	-3
27976287	3
27992073	-6
27992089	6
28001824	-6
28001839	6
28009673	-6
28009688	6
28015825	-6
28015837	6
28044519	-2
28058401	-4
28058469	4
28058559	-4
28058635	4
28058701	-4
28058784	4
28058802	-4
28087422	4
28087453	-4
28087520	4
28087620	-4
28087671	4
28217138	-3
28217171	3
28249254	1
28249282	-1
28249305	1
28249315	-1
28249374	1
28249399	-1
28249416	1
28249436	-1
28249449	1
28249465	-1
28249482	1
28249582	-1
28249599	1
28249616	-1
28260540	-3
28260549	3
28337198	-4
28337218	4
28337235	-4
28337268	4
28337286	-4
28355132	1
28355199	-1
28355236	1
28355335	-1
28355352	1
28355369	-1
28355386	1
28355465	-1
28355480	1
28355498	-1
28355553	1
28355581	-1
28359303	-3
28359319	3
28668765	4
28668845	-6
28668881	-4
28668898	4
28669066	-4
28669115	4
28669195	-4
28815779	4
28815796	-4
28815812	4
28815912	-4
28824877	4
28851944	-4
28851961	4
28875108	-4
28880262	4
28888095	-4
28888109	4
28901279	-4
28905208	4
28917143	-4
28917161	4
28917543	-4
28922546	4
28922644	-4
28922661	4
28922674	-4
28922690	4
28922777	-4
28928028	4
28928128	-4
28928161	4
28945040	-5
28945057	5
29502305	-4
29528652	-5
29528669	5
29674101	4
29674182	-4
29677517	-3
29677533	3
29677550	-3
29677567	3
29695686	4
29695719	-4
29695752	4
29695785	-4
29699068	4
29699085	-4
29699220	4
29699235	-4
29699250	4
29699268	-4
29705251	4
29705318	-4
29705397	4
29705484	-4
29705547	4
29705668	-4
29705697	4
29705801	-4
29705818	4
29705835	-4
29705868	4
29720299	-4
29721497	6
29721548	-6
29721566	6
29721631	-6
29721651	6
29721664	-6
29721684	6
29721731	-6
29811183	4
29811202	-4
29811216	4
29814299	-5
29814314	5
29815396	-5
29819780	5
29824314	-4
29840717	4
29840833	-4
29869138	4
29869184	-4
29869220	4
29869263	-4
29869321	4
29869367	-4
29873186	4
29873284	-4
29873320	4
29873398	-4
29873453	4
29873516	-4
29873530	4
29873554	-4
29885747	4
29885764	-4
29885814	4
29885897	-4
29885970	4
29886030	-4
29888080	1
29888130	-1
29889583	4
29889631	-4
29889731	4
29889747	-4
29889847	4
29889864	-4
29895449	4
29895535	-4
29895582	4
29895648	-4
29895715	4
29895798	-4
29898498	2
29898535	-2
29898548	2
29898565	-2
29898730	2
29898749	-2
29898765	2
29898866	-2
29898898	2
29899015	-2
29901449	4
29901516	-4
29901549	4
29901682	-4
29901699	4
29910266	2
29910282	-2
29910299	2
29910316	-2
29920980	-4
29920998	4
29922597	2
29922612	-2
29922746	2
29922762	-2
29922779	2
29922797	-2
29922864	2
29922914	-2
29922929	2
29922947	-2
29939431	-4
29939446	4
29957117	-4
29957132	4
29957148	-4
29957166	4
29957233	-4
29965284	4
29965368	-4
29965382	4
29965500	-4
29965514	4
29965611	-4
29965635	4
29965650	-4
29968952	4
29968964	-4
29968985	4
30003313	-4
30003331	4
30003347	-4
30003379	4
30003433	-4
30003516	4
30003530	-4
30013982	4
30014047	-4
30027445	4
30027528	-4
30027595	4
30027696	-4
30027750	4
30029628	-4
30029645	4
30029698	-4
30029779	4
30029861	-4
30030660	2
30030681	-2
30030779	2
30030798	-2
30030811	2
30035927	4
30035944	-4
30035961	4
30036061	-4
30036111	4
30036177	-4
30036228	4
30036277	-4
30036329	-2
30036344	2
30038528	4
30050196	-4
30050763	4
30071465	-4
30071482	4
30071578	-4
30071599	4
30074400	-4
30074432	4
30074511	-4
30074529	4
30074645	-4
30074681	4
30077943	-2
30077967	2
30078014	-4
30078032	4
30152133	-4
30165329	4
30165529	-4
30174362	4
30174445	-4
30174514	4
30174612	-4
30174664	4
30174695	-4
30193631	4
30193694	-4
30193709	4
30193731	-4
30277195	4
30277245	-4
30277261	4
30277328	-4
30277345	4
30277512	-4
30277528	4
30287880	-4
30287962	4
30288030	-4
30288096	4
30288145	-4
30310025	4
30310081	-4
30310194	4
30310226	-4
30310346	4
30310426	-4
30310446	4
30321257	-4
30321280	4
30339544	-4
30339562	4
30340663	-4
30340698	4
30340793	-4
30340812	4
30351344	-4
30351361	4
30354278	-4
30354294	4
30359579	-4
30359590	4
30359730	6
30359773	-6
30359831	6
30359930	-6
30359939	6
30368657	-4
30368674	4
30373646	-5
30373692	5
30383359	-6
30383409	6
30383508	-6
30383525	6
30383809	-6
30394443	6
30394511	-6
30394577	6
30394675	-6
30394692	6
30394710	-6
30394727	6
30394844	-6
30394861	6
30394928	-6
30398609	-4
30398628	4
30399845	-4
30399860	4
30399878	-4
30399894	4
30403762	6
30403862	-6
30403876	6
30403895	-6
30403910	6
30404127	-6
30404139	6
30404162	-6
30413377	-4
30413394	4
30441594	6
30441610	-6
30444588	1
30444605	-1
30444642	1
30444677	-1
30444688	1
30444705	-1
30444772	1
30444788	-1
30444805	1
30444827	-1
30444959	1
30444977	-1
30445095	1
30445109	-1
30477856	-3
30477872	3
30609208	-4
30609224	4
30609324	-4
30609391	4
30609424	-4
30609506	4
30613408	-4
30613424	4
30635044	-4
30635056	6
30635075	4
30663121	-4
30663139	4
30663172	-4
30663189	4
30663258	-4
30663305	4
30663355	-4
30669889	4
30669906	-4
30669936	4
30669956	-4
30669973	4
30670023	-4
30670040	4
30670056	-4
30677235	4
30677373	-4
30677390	4
30680542	-4
30680556	4
30680624	-4
30682470	4
30691942	-4
30691956	4
30702920	-4
30702937	4
30702956	-4
30702971	4
30703037	-4
30703053	4
30703069	-4
30703087	4
30703138	-4
30703223	4
30703254	-4
30706824	4
30706838	-4
30706874	4
30744574	-4
30744606	4
30744738	-4
30744758	4
30754874	-4
30754887	4
30755673	-4
30755707	4
30755773	-4
30765069	4
30770804	-4
30770820	4
30770837	-4
30770857	4
30770902	-4
30770970	4
30771037	-4
30771104	4
30771153	-4
30771169	4
30771188	-4
30771204	4
30772420	-4
30772438	4
30772470	-4
30772487	4
30772702	-4
30776421	4
30821802	-4
30821820	4
30860068	-4
30860123	4
30860184	-4
30860203	4
30860321	-4
30860391	4
30862301	-3
30862324	3
30865005	-4
30865021	4
30913067	-3
30913084	3
30923685	-3
30923702	3
30925035	-3
30925052	3
30968054	1
30968070	-1
30968204	1
30968220	-1
30968237	1
30968254	-1
30972566	-4
30972582	4
30999138	1
30999152	-1
30999253	1
30999269	-1
30999352	1
30999369	-1
30999386	1
30999402	-1
30999437	1
30999452	-1
30999502	1
30999534	-1
30999552	1
30999569	-1
30999586	1
30999652	-1
30999686	1
30999702	-1
30999754	1
30999769	-1
30999786	1
30999802	-1
31005032	1
31005136	-1
31005152	1
31005170	-1
31005187	1
31005220	-1
31005236	1
31005303	-1
31012481	-3
31012505	3
31172585	-4
31172817	4
31201068	-4
31201081	4
31297537	-6
31716078	-3
31716096	3
31722031	-4
31722096	4
31722164	-4
31722178	4
31829856	-3
31829872	3
31843478	-4
31848247	4
31848693	-4
31848705	4
31858473	-4
31863591	4
31863691	-4
31863745	4
31863808	-4
31863841	4
31892095	-4
31892107	4
31919675	-2
31919692	2
31963644	-2
31963656	2
31998495	-4
31998505	4
32061586	-4
32061610	4
32061623	-4
32061641	4
32061658	-4
32061669	4
32061694	-4
32062907	4
32062925	-4
32062937	4
32110090	-4
32110104	4
32110119	-4
32112476	4
32129906	-4
32129921	4
32129936	-4
32129955	4
32135022	-4
32135089	4
32135170	-4
32135187	4
32143586	-4
32143606	4
32143690	-4
32143773	4
32143840	-4
32143854	4
32154608	-4
32154623	4
32263873	-3
32263884	3
32317383	-3
32317407	3
32492484	6
32492587	-6
32492600	6
32492748	-6
32536486	-5
32536502	5
32536520	-5
32536553	5
32562199	-3
32562216	3
32623888	-3
32623900	3
32673916	-3
32673932	6
32673949	3
33217075	-2
33217092	2
33345343	-6
33798306	-5
33798424	5
33901350	-5
33901372	5
35420701	-2
39149113	-3
39149847	3
39257746	2
39257879	-2
39257959	2
39257979	-2
39259362	2
39259413	-2
39259427	2
39259446	-2
39259462	2
39259479	-2
39261313	2
39261411	-2
39262775	2
39262930	-2
39264228	2
39264278	-2
39264324	2
39264347	-2
39360644	2
39360660	-2
39361126	2
39361144	-2
39603675	-3
39606226	3
39606745	-3
39635757	3
39742322	-3
39742339	3
39752106	-3
39754506	3
39759772	-3
39761105	3
39763890	-3
39765488	3
39765588	-3
39765602	3
39765618	-3
39765788	3
39766009	-3
39766726	3
39766752	-3
39766807	3
39766821	-3
39766872	3
39766891	-3
39766902	3
39766919	-3
39767003	3
39767022	-3
39767035	3
39767055	-3
39767071	3
39767088	-3
39767205	3
39767288	-3
39767305	3
39767319	-3
39767602	3
39767622	-3
39769226	3
39769319	-3
39769452	3
39769706	-3
39770002	3
39770022	-3
39770373	3
39770385	-3
39771788	3
39771853	-3
39771869	3
39772053	-3
39772069	3
39772087	-3
39772103	3
39772318	-3
39772336	3
39772352	-3
39772374	3
39772386	-3
39772469	3
39772486	-3
39772605	3
39772619	-3
39772669	3
39772703	-3
39772903	3
39773139	-3
39773153	3
39773170	-3
39774353	3
39774370	-3
39774953	3
39775053	-3
39776020	3
39776037	-3
39782637	3
39782721	-3
39782752	3
39782804	-3
39782819	3
39782938	-3
39782954	3
39782991	-3
39783038	3
39783088	-3
39783270	3
39783287	-3
39783341	3
39783388	-3
39783604	3
39783621	-3
39785038	3
39785054	-3
39785938	3
39785971	-3
39786805	3
39786821	-3
39812410	2
39812437	-2
39812458	2
39812539	-2
39812625	2
39812657	-2
39812725	2
39812739	-2
39812857	2
39812921	-2
39812972	2
39812986	-2
39813036	2
39813137	-2
39813151	2
39813172	-2
39813187	2
39813203	-2
39815255	2
39815300	-2
39815391	2
39815404	-2
39825572	1
39825601	-1
39825625	1
39825638	-1
39827085	2
39827108	-2
39827205	2
39827218	-2
39827254	2
39827273	-2
39827893	2
39827918	-2
39828058	2
39828084	-2
39828435	2
39828456	-2
39828501	2
39828540	-2
39828552	2
39828569	-2
39829718	2
39829768	-2
39829784	2
39829805	-2
39829817	2
39829835	-2
39830902	2
39830918	-2
39832185	2
39832205	-2
39832218	2
39832655	-2
39833835	2
39833868	-2
39833903	2
39834052	-2
39834105	2
39834168	-2
39835369	2
39836236	-2
39836252	2
39836307	-2
39836352	2
39836502	-2
39836552	2
39836606	-2
39836652	2
39836719	-2
39836736	2
39836757	-2
39836771	2
39836790	-2
39836836	2
39836919	-2
39836952	2
39837019	-2
39837035	2
39837141	-2
39837686	2
39837769	-2
39838118	2
39838135	-2
39838151	2
39838736	-2
39838805	2
39838822	-2
39838852	2
39838936	-2
39838969	2
39839019	-2
39839051	2
39839103	-2
39839153	2
39839186	-2
39842003	3
39842020	-3
39842053	3
39842119	-3
39842153	3
39842189	-3
39842236	3
39842302	-3
39842325	3
39842370	-3
39842403	3
39842469	-3
39842486	3
39842619	-3
39842639	3
39842703	-3
39842720	3
39842770	-3
39842786	3
39842803	-3
39854054	2
39854086	-2
39857103	2
39857120	-2
39857152	2
39857184	-2
39857220	2
39857756	-2
39857790	2
39857823	-2
39857854	2
39857904	-2
39857937	2
39857972	-2
39858004	2
39858023	-2
39858038	2
39858054	-2
39861554	2
39861584	-2
39861604	2
39861621	-2
39861639	2
39861670	-2
39861706	2
39861737	-2
39861754	2
39861771	-2
39861787	2
39862171	-2
39862188	2
39862203	-2
39865137	2
39865153	-2
39865187	2
39865920	-2
39867187	2
39867241	-2
39867352	2
39867386	-2
39867417	2
39867470	-2
39867506	2
39867537	-2
39957372	-5
40147650	3
40147664	-4
40147847	-3
40147997	3
40148018	-3
40148718	3
40148731	-3
40148932	3
40148997	-3
40149017	3
40149053	-3
40149255	3
40149267	-3
40154086	3
40154097	-3
40154115	3
40154135	-3
40155731	3
40155864	-3
40226183	3
40226250	-3
40226331	3
40226349	-3
40226366	3
40226383	-3
40226416	3
40226449	-3
40228299	2
40228317	-2
40228883	2
40228900	-2
40230167	2
40230184	-2
40237967	3
40237980	-3
40238001	3
40238051	-3
40238851	3
40239285	-3
40240117	3
40240185	-3
40240218	3
40240297	-3
40240318	3
40240334	-3
40241552	3
40241717	-3
40241745	3
40241804	-3
40241816	3
40242069	-3
40242084	3
40242101	-3
40242118	3
40242129	-3
40245750	3
40246032	-3
40246052	3
40246117	-3
40246134	3
40246319	-3
40246468	3
40246503	-3
40257820	4
40257830	-4
40266062	4
40266079	-4
40280136	5
40280145	-5
40285753	4
40285764	-4
40294097	2
40294114	-2
40296220	2
40296229	-2
40305568	2
40305582	-2
40306345	2
40306368	-2
40306835	2
40306849	-2
40317279	4
40317296	-4
40325064	3
40325084	-3
40325097	3
40325114	-3
40325164	3
40325180	-3
40325197	3
40325214	-3
40325231	3
40325264	-3
40325347	3
40325381	-3
40325447	3
40325464	-3
40325731	3
40325747	-3
40325814	3
40325831	-3
40325964	3
40325981	-3
40326581	3
40326597	-3
40326697	3
40328468	-3
40329063	3
40329079	-3
40329212	3
40329248	-3
40329264	3
40330231	-3
40330250	3
40330263	-3
40332782	3
40332796	-3
40333148	3
40333832	-3
40337816	3
40337831	-3
40338481	3
40338497	-3
40339783	3
40339799	-3
40341914	3
40341933	-3
40345700	3
40345733	-3
40349734	3
40349750	-3
40351296	3
40351317	-3
40356632	3
40356667	-3
40356681	3
40356697	-3
40389945	3
40389968	-3
40390000	3
40390067	-3
40390127	3
40390151	-3
40390216	3
40390250	-3
40390316	3
40390332	-3
40390550	3
40390565	-3
40391765	3
40393067	-3
40411811	3
40411828	-3
40412032	3
40412066	-3
40412433	3
40412448	-3
40451949	4
40451999	-4
40489545	3
40489562	-3
40490032	3
40490048	-3
40491497	3
40491516	-3
40492282	3
40492298	-3
40496818	3
40496830	-3
40498776	3
40498801	-3
40499449	3
40499464	-3
40501277	3
40501300	-3
40501314	3
40501331	-3
40504183	3
40504197	-3
40529967	3
40529977	-3
40533077	3
40533110	-3
40535094	3
40535111	-3
40535534	3
40535544	-3
40535594	3
40535627	-3
40535676	3
40535692	-3
40537794	3
40537810	-3
40537827	3
40537844	-3
40537944	3
40537962	-3
40537976	3
40537994	-3
40538011	3
40538027	-3
40538050	3
40538061	-3
40538127	3
40538144	-3
40538211	3
40538228	-3
40538327	3
40538344	-3
40545746	3
40545795	-3
40554013	3
40554030	-3
40556214	3
40556247	-3
40556864	3
40556880	-3
40557981	3
40558014	-3
40558062	3
40558097	-3
40558147	3
40558197	-3
40558214	3
40558231	-3
40558964	3
40558981	-3
40559097	3
40559164	-3
40559281	3
40560863	-3
40561345	3
40564498	-3
40595175	3
40595300	-3
40595348	3
40595360	-3
40600981	5
40600997	-5
40602996	5
40603031	-5
40605578	4
40605598	-4
40614282	3
40614295	-3
40615929	3
40615946	-3
40616796	3
40616813	-3
40618763	3
40618780	-3
40620284	3
40620313	-3
40620460	3
40620496	-3
40620813	3
40620830	-3
40620864	3
40620947	-3
40621096	3
40621113	-3
40622414	5
40622430	-5
40625114	5
40625130	-5
40628263	3
40628280	-3
40628447	5
40628459	-5
40628658	3
40628681	-3
40628948	3
40628997	-3
40629066	3
40629079	-3
40629175	3
40629198	-3
40629780	5
40629825	-5
40629862	3
40630014	-3
40630046	5
40630098	-5
40632048	3
40632114	-3
40632233	3
40632299	-3
40632331	3
40632342	-3
40632414	3
40632480	-3
40635642	5
40635682	-5
40636665	5
40636732	-5
40638250	5
40638295	-5
40641426	5
40641476	-5
40643493	5
40643509	-5
40643826	5
40643843	-5
40644776	5
40644809	-5
40646565	5
40646595	-5
40646815	5
40646825	-5
40647310	5
40647326	-5
40649043	5
40649082	-5
40649230	5
40649243	-5
40650275	5
40650294	-5
40650309	5
40650325	-5
40650560	5
40650610	-5
40650627	5
40650728	-5
40650763	5
40650779	-5
40653342	5
40653361	-5
40654577	5
40654594	-5
40655361	5
40655375	-5
40657145	5
40657160	-5
40657178	5
40657194	-5
40672975	2
40673013	-2
40673047	2
40673061	-2
40673080	2
40673125	-2
40678564	2
40678575	-2
40678630	2
40678698	-2
40678713	2
40678730	-2
40678747	2
40678762	-2
40679013	2
40679030	-2
40681046	5
40681080	-5
40681143	5
40681165	-5
40681448	5
40681565	-5
40681578	5
40681597	-5
40682658	5
40682682	-5
40682997	5
40683081	-5
40683581	5
40683648	-5
40683897	5
40684080	-5
40684597	5
40684612	-5
40684682	5
40684894	-5
40691466	3
40691479	-3
40691814	3
40691830	-3
40693980	3
40693996	-3
40694662	3
40694691	-3
40695582	3
40695595	-3
40697179	3
40697196	-3
40697925	3
40697960	-3
40698679	3
40698697	-3
40699696	3
40699712	-3
40699727	3
40699747	-3
40700477	3
40700494	-3
40701997	3
40702012	-3
40702414	3
40702428	-3
40705246	3
40705260	-3
40705281	3
40705296	-3
40706245	3
40706259	-3
40706995	3
40707024	-3
40707049	3
40707061	-3
40707599	3
40707611	-3
40708449	3
40708498	-3
40708810	3
40708828	-3
40728678	3
40728728	-3
40730079	3
40730095	-3
40730195	3
40730212	-3
40730478	3
40730495	-3
40731329	3
40731462	-3
40731579	3
40731595	-3
40732695	3
40733142	-3
40733158	3
40733211	-3
40733224	3
40733813	-3
40733827	3
40733846	-3
40739446	5
40739462	-5
40740163	5
40740173	-5
40740766	5
40740777	-5
40742791	5
40742827	-5
40743095	5
40743107	-5
40743325	5
40743347	-5
40744031	5
40744041	-5
40744107	5
40744180	-5
40744231	2
40744240	-2
40744264	2
40744276	-2
40744781	5
40744794	-5
40757709	1
40757812	-1
40758059	1
40758126	-1
40765677	2
40765693	-2
40769309	2
40769360	-2
40769411	2
40769427	-2
40771010	2
40771027	-2
40774394	2
40774510	-2
40774528	2
40774544	-2
40774561	2
40774611	-2
40774626	2
40774644	-2
40774826	2
40774845	-2
40774895	2
40774927	-2
40775027	2
40775061	-2
40775895	2
40776061	-2
40776094	2
40776112	-2
40776262	2
40776295	-2
40776311	2
40776795	-2
40776828	2
40776845	-2
40777560	2
40777578	-2
40777728	2
40777812	-2
40778178	2
40778195	-2
40778229	2
40778379	-2
40778412	2
40778428	-2
40778578	2
40779196	-2
40780145	2
40780157	-2
40780177	2
40780229	-2
40780462	2
40780595	-2
40781177	2
40781312	-2
40781361	2
40782395	-2
40782845	2
40782879	-2
40783779	2
40783795	-2
40783826	2
40784278	-2
40785791	2
40785813	-2
40786323	2
40786346	-2
40786411	2
40786428	-2
40786445	2
40786462	-2
40786546	2
40786558	-2
40787361	2
40787378	-2
40787976	2
40787992	-2
40789762	2
40789795	-2
40789812	2
40789828	-2
40789857	2
40789930	-2
40789963	2
40790363	-2
40885142	3
40885158	-3
40886775	3
40886792	-3
40887877	3
40887909	-3
40887943	3
40889511	-3
40889523	3
40889544	-3
40890125	3
40890143	-3
40890161	3
40890877	-3
40891210	3
40891227	-3
40891244	3
40892390	-3
40894222	3
40897127	-3
40897139	3
40897160	-3
40907789	2
40907893	-2
40907910	2
40907927	-2
40909862	2
40909873	-2
40913078	5
40913145	-5
40914160	5
40914246	-5
40931679	3
40931691	-3
40931707	3
40931724	-3
40931740	3
40931757	-3
40931777	3
40931807	-3
40931824	3
40931874	-3
40933541	3
40933556	-3
40936741	3
40936758	-3
40936777	3
40936793	-3
40936808	3
40936825	-3
40937324	3
40937344	-3
40942691	3
40942708	-3
40942725	3
40942742	-3
40942775	3
40942792	-3
40942809	3
40942825	-3
40942842	3
40942859	-3
40953377	3
40953410	-3
40953443	3
40953460	-3
40954194	3
40954209	-3
41006075	2
41006106	-2
41006127	2
41006276	-2
41006638	2
41006661	-2
41009194	2
41009260	-2
41009292	2
41009442	-2
41010627	2
41010661	-2
41010674	2
41010688	-2
41018560	2
41018572	-2
41018627	2
41018660	-2
41018675	2
41018689	-2
41018711	2
41018759	-2
41020960	2
41021028	-2
41023559	2
41023596	-2
41023621	2
41023643	-2
41025510	2
41025540	-2
41025556	2
41025574	-2
41025593	2
41025628	-2
41030121	2
41030145	-2
41030159	2
41030225	-2
41030243	2
41030313	-2
41030771	2
41030788	-2
41031825	2
41031838	-2
41031858	2
41031888	-2
41031940	4
41031971	-4
41032372	4
41032395	-4
41032821	4
41032844	-4
41033310	4
41033322	-4
41033771	4
41033792	-4
41034189	2
41034245	-2
41034276	2
41034288	-2
41034507	4
41034521	-4
41036155	2
41036171	-2
41036829	4
41036841	-4
41037688	2
41037705	4
41037722	-2
41037772	-4
41038439	4
41038455	-4
41039157	4
41039176	-4
41039689	4
41039709	-4
41040439	2
41040461	-2
41043188	2
41043206	-2
41045111	4
41045140	-4
41045690	2
41045740	-2
41045790	2
41046123	-2
41046140	2
41046157	-2
41046254	4
41046274	2
41046290	-4
41046506	-2
41046523	2
41046626	-2
41046656	2
41046673	-2
41046690	2
41046757	-2
41046774	2
41046807	-2
41046890	2
41046907	-2
41046923	2
41047007	-2
41047023	4
41047039	-4
41047057	2
41047090	4
41047127	-4
41047206	-2
41047690	4
41047707	-4
41048357	2
41050189	-2
41050207	2
41050224	-2
41050822	4
41050841	-4
41051424	2
41051473	-2
41051823	2
41051940	-2
41052274	2
41052656	-2
41052674	2
41052691	-2
41052723	2
41052742	-2
41052758	2
41053224	-2
41053243	2
41053258	-2
41054725	2
41054791	-2
41054825	2
41056391	-2
41056409	2
41056425	-2
41056554	2
41056576	-2
41056625	2
41056658	-2
41056741	2
41057107	-2
41057125	2
41057325	-2
41057342	2
41057358	-2
41059959	2
41059992	-2
41060009	2
41062326	-2
41063609	2
41063771	-2
41063926	2
41064293	-2
41064459	2
41064475	-2
41064609	2
41064626	-2
41064637	2
41064676	-2
41187276	3
41187287	-3
41187325	3
41187337	-3
41187354	3
41187393	-3
41187603	3
41187622	-3
41187637	3
41187653	-3
41190403	3
41190420	-3
41190436	3
41190453	-3
41190637	3
41190657	-3
41197755	2
41197771	-2
41199722	2
41199738	-2
41199838	2
41199872	-2
41202072	2
41202158	-2
41202272	2
41202289	-2
41202305	2
41202389	-2
41216741	4
41216757	-4
41228056	3
41228092	-3
41228742	3
41228753	-3
41244360	3
41244372	-3
41244387	3
41244407	-3
41244820	3
41244856	-3
41244872	3
41244927	-3
41244960	3
41246519	-3
41246886	3
41246902	-3
41246927	3
41248403	-3
41265521	2
41265538	-2
41265553	2
41265705	-2
41269792	2
41269805	-2
41270623	2
41270638	-2
41271839	2
41271887	-2
41272506	2
41273326	-2
41274025	2
41274035	-2
41274656	2
41274673	-2
41275356	2
41275391	-2
41275406	2
41275456	-2
41275473	2
41275540	-2
41275673	2
41275723	-2
41275756	2
41275808	-2
41275838	2
41275892	-2
41275923	2
41275973	-2
41276006	2
41276056	-2
41276173	2
41276190	-2
41276708	2
41276719	-2
41276740	2
41276756	-2
41276856	2
41276906	-2
41276940	2
41277173	-2
41277223	2
41277257	-2
41277290	2
41278057	-2
41278940	2
41278957	-2
41279290	2
41279340	-2
41279375	2
41279407	-2
41279573	2
41279590	-2
41279623	2
41279757	-2
41280107	2
41280124	-2
41281957	2
41282010	-2
41282022	2
41282040	-2
41283491	2
41283524	-2
41283586	2
41283607	-2
41283641	2
41284506	-2
41285075	2
41285088	-2
41313092	2
41313138	-2
41313169	2
41313186	-2
41323073	2
41323089	-2
41323873	2
41324290	-2
41324305	2
41324323	-2
41324356	2
41324406	-2
41324440	2
41324638	-2
41324656	2
41324673	-2
41324740	2
41324790	-2
41324806	2
41325007	-2
41326305	2
41326323	-2
41327104	2
41327123	-2
41329507	3
41329521	-3
41329539	3
41329551	-3
41329874	3
41329889	-3
41329955	3
41329974	-3
41347388	4
41347407	-4
41347422	4
41347453	-4
41347519	4
41347542	-4
41347808	4
41347819	-4
41349207	5
41349234	-5
41349251	5
41349339	-5
41349357	5
41349408	-5
41349851	5
41349876	-5
41352192	4
41352259	-4
41352271	4
41352341	-4
41353157	4
41353171	-4
41353185	4
41353208	-4
41353222	4
41353254	-4
41353642	4
41353721	-4
41353735	4
41353758	-4
41353772	4
41353790	-4
41354651	4
41354687	-4
41407234	3
41407251	-3
41407268	3
41407284	-3
41407518	3
41407935	-3
41408801	3
41408818	-3
41408985	3
41409001	-3
41430525	2
41430688	-2
41443006	2
41443020	-2
41443139	4
41443154	-4
41443234	2
41443256	-2
41447057	4
41447068	-4
41447607	2
41447620	-2
41457291	2
41457392	-2
41462823	2
41462837	-2
41468341	2
41468350	-2
41468367	2
41468404	-2
41470917	2
41470934	-2
41470956	2
41471000	-2
41479251	2
41479272	-2
41480002	2
41480018	-2
41483452	2
41483468	-2
41483585	2
41483603	-2
41483657	2
41483666	-2
41497754	3
41497770	-3
41530935	2
41530971	-2
41531685	2
41531700	-2
41532435	2
41532502	-2
41532519	2
41532569	-2
41532769	2
41532819	-2
41532868	2
41532885	-2
41532901	2
41532987	-2
41533202	2
41533219	-2
41534969	3
41535001	-3
41535103	3
41535117	-3
41535169	3
41535319	-3
41535352	3
41535401	-3
41535419	3
41535469	-3
41535536	3
41535552	-3
41535717	3
41535735	-3
41535986	3
41536019	-3
41536069	3
41536086	-3
41536153	3
41536186	-3
41536253	3
41536286	-3
41536386	3
41536403	-3
41537019	3
41537053	-3
41537153	3
41538036	-3
41577132	3
41577156	-3
41578870	3
41578899	-3
41579400	3
41579416	-3
41582550	3
41582566	-3
41589085	3
41589099	-3
41589183	3
41589201	-3
41589283	3
41589718	-3
41589900	3
41590022	-3
41590087	3
41590117	-3
41590267	3
41590284	-3
41590317	3
41590337	-3
41591934	2
41591951	-2
41591987	2
41592017	-2
41602436	4
41602451	-4
41603852	4
41603869	-4
41604852	4
41604869	-4
41604885	4
41604903	-4
41609170	6
41609185	-6
41609768	4
41609815	-4
41609864	4
41609887	-4
41610620	4
41610631	-4
41614154	1
41614164	-1
41618486	5
41618502	-5
41618531	3
41618553	-3
41646933	3
41646949	-3
41647301	3
41647318	-3
41647752	3
41647784	-3
41648485	3
41648501	-3
41649102	3
41649119	-3
41649585	3
41649602	-3
41650169	3
41650185	-3
41651052	3
41651069	-3
41652552	3
41652569	-3
41652586	3
41652619	-3
41653234	3
41653252	-3
41654469	3
41654485	-3
41655336	3
41655353	-3
41656169	3
41656203	-3
41656903	3
41656918	-3
41657581	3
41657603	-3
41657618	3
41657636	-3
41658351	3
41658369	-3
41658970	3
41658985	-3
41659387	3
41659401	-3
41660087	3
41660102	-3
41660853	3
41660867	-3
41662085	3
41662099	-3
41662750	3
41662770	-3
41664437	3
41664451	-3
41665002	3
41665019	-3
41665785	3
41665797	-3
41665819	3
41665869	-3
41665902	3
41665937	-3
41666003	3
41666054	-3
41666087	3
41666131	-3
41666168	3
41666230	-3
41666269	3
41666321	-3
41666352	3
41666520	-3
41666553	3
41666564	-3
41667204	3
41667217	-3
41667234	3
41667266	-3
41668003	3
41668016	-3
41668704	3
41668717	-3
41668732	3
41668786	-3
41669136	3
41669150	-3
41740033	5
41740048	-5
41740098	5
41740198	-5
41740235	5
41740398	-5
41741015	5
41741031	-5
41741181	5
41741248	-5
41741281	5
41741546	-5
41741948	5
41741965	-5
41741981	5
41742065	-5
41742250	5
41742331	-5
41742931	5
41743148	-5
41743932	5
41744113	-5
41744434	5
41744598	-5
41745267	5
41745282	-5
41745299	5
41745315	-5
41745449	5
41745665	-5
41756433	5
41756483	-5
41757584	5
41757850	-5
41758283	5
41758300	-5
41758501	5
41759067	-5
41759084	5
41759099	-5
41759117	5
41759432	-5
41759451	5
41759467	-5
41759984	5
41760117	-5
41760199	5
41760217	-5
41760234	5
41760301	-5
41760317	5
41760518	-5
41760917	5
41760934	-5
41760951	5
41760967	-5
41761017	5
41761519	-5
41761533	5
41761551	-5
41761616	5
41761633	-5
41762234	5
41762584	-5
41833732	4
41833782	-4
41834399	4
41834415	-4
41835299	4
41835316	-4
41835979	4
41836003	-4
41838549	4
41838562	-4
41839532	4
41839545	-4
41840750	4
41840765	-4
41846232	4
41846246	-4
41847296	4
41847313	-4
41848533	4
41848546	-4
41851615	4
41851630	-4
41854633	4
41854647	-4
41883467	3
41883483	-3
41884795	3
41884818	-3
41888885	3
41888897	-3
41890432	3
41890446	-3
41890662	3
41890782	-3
41890836	3
41890865	-3
41890899	3
41890953	-3
41890980	3
41891002	-3
41895533	3
41895545	-3
41897501	3
41897511	-3
41898001	3
41898012	-3
41898734	3
41898761	-3
41900795	3
41900811	-3
41901563	3
41901585	-3
41902095	3
41902118	-3
41903095	3
41903118	-3
41904436	3
41904448	-3
41963598	2
41963613	-2
41969081	2
41969112	-2
41971863	2
41971881	-2
41975515	3
41975530	-3
41975547	3
41976712	-3
41976746	3
41976764	-3
41978281	3
41978298	-3
41978848	3
41978865	-3
41998699	3
41998714	-3
41999465	3
41999499	-3
42000034	3
42000047	-3
42002101	3
42002112	-3
42022198	4
42022244	-4
42023767	4
42023779	-4
42024962	3
42024979	-3
42026147	3
42026162	-3
42026893	3
42026914	-3
42029229	3
42029244	-3
42029265	3
42029277	-3
42029495	3
42029514	-3
42029579	3
42029596	-3
42030347	3
42030364	-3
42032430	3
42032447	-3
42034044	3
42034062	-3
42065112	3
42065127	-3
42067394	3
42067461	-3
42067494	3
42067528	-3
42067545	3
42067561	-3
42068378	3
42068395	-3
42072929	3
42072946	-3
42072962	3
42072979	-3
42073012	3
42073062	-3
42073112	3
42073128	-3
42073579	3
42073599	-3
42076861	3
42076913	-3
42076996	3
42077013	-3
42077029	3
42077046	-3
42077062	3
42077079	-3
42078813	3
42078829	-3
42078846	3
42078863	-3
42080830	3
42080896	-3
42080950	3
42081030	-3
42081078	3
42081097	-3
42081113	3
42081130	-3
42082015	3
42082030	-3
42115980	2
42115997	-2
42121550	4
42121563	-4
42128227	3
42128259	-3
42134278	4
42134294	-4
42143760	4
42143776	-4
42147043	4
42147060	-4
42151643	3
42151676	-3
42153196	3
42153213	-3
42168426	3
42168449	-3
42179760	2
42179861	-2
42181165	2
42181176	-2
42183311	2
42183326	-2
42187478	2
42187495	-2
42187512	2
42187545	-2
42193146	5
42193196	-5
42194263	5
42194279	-5
42195529	5
42195596	-5
42196963	5
42196979	-5
42200097	5
42200113	-5
42203664	5
42203697	-5
42205164	5
42205197	-5
42207279	5
42207291	-5
42209924	5
42209942	-5
42209965	5
42209996	-5
42210078	5
42210098	-5
42210259	5
42210281	-5
42211812	5
42211947	-5
42213298	5
42213311	-5
42215315	5
42215382	-5
42232959	4
42232975	-4
42236926	4
42236942	-4
42355590	3
42355623	-3
42356730	3
42356764	-3
42357256	3
42357273	-3
42358913	3
42358948	-3
42363106	3
42363126	-3
42363145	3
42363157	-3
42363389	3
42363439	-3
42363464	3
42363507	-3
42363564	3
42363590	-3
42363648	3
42363680	-3
42363731	3
42363743	-3
42363810	3
42363823	-3
42370640	3
42370656	-3
42430095	4
42430109	-4
42430959	4
42430977	-4
42494889	4
42494905	-4
42496739	4
42496755	-4
42498422	5
42498439	-5
42510040	4
42510057	-4
42655771	3
42655821	-3
42655853	3
42655885	-3
42658534	3
42658555	-3
42660634	3
42660651	-3
42662017	3
42662034	-3
42664253	3
42664285	-3
42665333	3
42665354	-3
42666788	3
42666800	-3
42667501	3
42667533	-3
42668903	3
42668918	-3
42669720	3
42669768	-3
42669785	3
42669801	-3
42670284	3
42670317	-3
42671218	3
42671301	-3
42674286	3
42674301	-3
42675301	3
42675334	-3
42677652	3
42677669	-3
42678185	3
42678202	-3
42678219	3
42678235	-3
42678252	3
42678269	-3
42679936	3
42679969	-3
42679986	3
42680019	-3
42680036	3
42680053	-3
42680069	3
42680086	-3
42680102	3
42680119	-3
42680136	3
42680153	-3
42680536	3
42680553	-3
42680570	3
42680586	-3
42680603	3
42680620	-3
42680635	3
42680653	-3
42681053	3
42681070	-3
42682337	3
42682353	-3
42682520	3
42682536	-3
42682587	3
42682618	-3
42684637	3
42684653	-3
42685170	3
42685186	-3
42685503	3
42685520	-3
42687919	3
42687937	-3
42687953	3
42687984	-3
42688920	3
42688936	-3
42689920	3
42689936	-3
42717051	3
42717084	-3
42718000	3
42718017	-3
42719584	3
42719603	-3
42725201	3
42725217	-3
42725419	3
42725435	-3
42726484	3
42726501	-3
42727334	3
42727352	-3
42727368	3
42727384	-3
42734584	3
42734602	-3
42739901	2
42739917	-2
42742350	2
42742367	-2
42743533	2
42743550	-2
42745901	2
42745916	-2
42747450	2
42747470	-2
42749403	2
42749451	-2
42749466	2
42749500	-2
42749517	2
42749570	-2
42765584	3
42765602	-3
42767132	3
42767149	-3
42768849	3
42768865	-3
42771349	3
42771366	-3
42771767	3
42771782	-3
42772533	3
42772551	-3
42773083	3
42773099	-3
42774566	3
42774586	-3
42779017	3
42779033	-3
42780800	3
42780817	-3
42785434	5
42785450	-5
42787868	4
42787901	-4
42792135	3
42792151	-3
42795853	3
42795867	-3
42796165	3
42796201	-3
42796235	3
42796268	-3
42796551	3
42796568	-3
42798698	3
42798734	-3
42798950	1
42798984	-1
42799070	3
42799084	-3
42799134	3
42799165	-3
42799199	3
42799319	-3
42799384	3
42799401	-3
42799469	3
42799482	-3
42799536	3
42799569	-3
42799618	3
42799651	-3
42799702	3
42799735	-3
42799785	3
42799800	-3
42799869	3
42799884	-3
42799952	3
42799968	-3
42800032	3
42800119	-3
42800135	3
42800149	-3
42800185	3
42800202	-3
42804202	3
42804217	-3
42845035	1
42845181	-1
42845631	1
42845685	-1
42846998	2
42847014	-2
42847198	2
42847215	-2
42849681	3
42849817	-3
42849848	3
42849881	-3
42849982	3
42850018	-3
42850082	3
42850115	-3
42853134	4
42853166	-4
42853235	4
42853315	-4
42853398	4
42853447	-4
42855564	5
42855684	-5
42855901	5
42855931	-5
42857818	6
42857848	-6
42858033	6
42858165	-6
43033815	2
43033865	-2
43034566	2
43034581	-2
43039215	3
43039231	-3
43040647	3
43040665	-3
43042083	3
43042098	-3
43044865	3
43044912	-3
43045913	3
43045931	-3
43046632	3
43046848	-3
43046880	3
43046895	-3
43046963	3
43046995	-3
43047029	3
43047049	-3
43048099	3
43048112	-3
43048761	3
43048798	-3
43049382	3
43049415	-3
43049466	3
43049566	-3
43049595	3
43049616	-3
43049816	3
43049828	-3
43050561	3
43050579	-3
43050816	3
43050831	-3
43065028	4
43065045	-4
43087846	3
43087865	-3
43089049	3
43089165	-3
43089198	3
43089348	-3
43089514	3
43089528	-3
43091178	3
43091195	-3
43094595	3
43094611	-3
43097945	3
43097962	-3
43099179	3
43099245	-3
43099329	3
43099479	-3
43099662	3
43099679	-3
43212309	4
43212327	-4
43219175	4
43219190	-4
43221242	4
43221258	-4
43251923	3
43251942	-3
43252606	3
43252623	-3
43253575	3
43253623	-3
43253675	3
43253689	-3
43253756	3
43253841	-3
43253924	3
43253941	-3
43253957	3
43253990	-3
43254056	3
43254125	-3
43254139	3
43254190	-3
43254275	3
43254290	-3
43254341	3
43254406	-3
43254457	3
43254509	-3
43254560	3
43254609	-3
43254741	3
43254757	-3
43255489	3
43255508	-3
43255542	3
43256209	-3
43256241	3
43256290	-3
43256325	3
43256374	-3
43256408	3
43256542	-3
43256575	3
43256623	-3
43256656	3
43256708	-3
43256742	3
43256807	-3
43256822	3
43256894	-3
43256942	3
43256975	-3
43257024	3
43257056	-3
43257208	3
43257242	-3
43257374	3
43257389	-3
43304857	3
43304874	-3
43304891	3
43304907	-3
43305058	3
43305074	-3
43305491	3
43305507	-3
43305524	3
43305541	-3
43310057	3
43310108	-3
43312739	3
43312758	-3
43315625	3
43315641	-3
43349922	5
43349938	-5
43349956	5
43349973	-5
43354306	5
43354325	-5
43355106	5
43355124	-5
43356723	5
43356738	-5
43357690	5
43357706	-5
43359991	5
43360022	-5
43360075	5
43360091	-5
43360589	5
43360606	-5
43362039	5
43362055	-5
43396788	4
43396804	-4
43396824	4
43396838	-4
43422057	4
43422070	-4
43423654	4
43423675	-4
43426622	4
43426638	-4
43434793	4
43434810	-4
43436677	4
43436693	-4
43439711	4
43439727	-4
43442480	4
43442494	-4
43451679	3
43451696	-3
43451712	3
43451728	-3
43451746	3
43451762	-3
43451962	3
43451979	-3
43451996	3
43452012	-3
43452579	3
43452596	-3
43452612	3
43452629	-3
43453195	3
43453212	-3
43457979	3
43457995	-3
43458012	3
43458027	-3
43458428	3
43458445	-3
43460045	3
43460062	-3
43461293	3
43461310	-3
43462895	3
43462911	-3
43470264	3
43470278	-3
43471396	3
43471846	-3
43472510	3
43472525	-3
43472561	3
43473094	-3
43473110	3
43473129	-3
43473913	3
43474445	-3
43474461	3
43474479	-3
43475229	3
43475844	-3
43476646	3
43477363	-3
43477378	3
43477395	-3
43478409	3
43478979	-3
43480179	3
43481513	-3
43482846	3
43483379	-3
43484312	3
43485229	-3
43485243	3
43485262	-3
43486712	3
43487509	-3
43488826	3
43489859	-3
43492193	3
43492609	-3
43494111	3
43494376	-3
43495943	3
43495960	-3
43496026	3
43497326	-3
43499642	3
43499829	-3
43499843	3
43499979	-3
43500043	3
43500059	-3
43500096	3
43500843	-3
43501494	3
43502510	-3
43504442	3
43504460	-3
43504494	3
43505944	-3
43505961	3
43505977	-3
43510028	3
43510328	-3
43510344	3
43510361	-3
43513978	3
43513995	-3
43514978	3
43515045	-3
43515379	3
43515395	-3
43526345	3
43526359	-3
43527062	3
43527078	-3
43530962	3
43530992	-3
43531162	3
43531193	-3
43531412	3
43531428	-3
43536241	3
43536277	-3
43536293	3
43536311	-3
43536391	3
43536408	-3
43550992	3
43551011	-3
43551025	3
43551160	-3
43551193	3
43551210	-3
43552393	3
43552526	-3
43552743	4
43552793	-4
43553942	3
43553993	-3
43554010	3
43554077	-3
43555661	3
43555694	-3
43556027	3
43556044	-3
43557010	3
43557044	-3
43557310	3
43557327	-3
43557960	3
43557994	-3
43558944	3
43558960	-3
43559327	3
43559344	-3
43560011	3
43560026	-3
43560427	3
43560444	-3
43561211	3
43561227	-3
43561510	3
43561528	-3
43564861	4
43564895	-4
43640995	5
43641108	-5
43641123	5
43641144	-5
43643891	5
43643910	-5
43643927	5
43643976	-5
43646012	5
43646040	-5
43670977	3
43670993	-3
43671741	3
43671760	-3
43672243	3
43672257	-3
43673592	3
43673809	-3
43673857	3
43673924	-3
43673960	3
43674043	-3
43674076	3
43674144	-3
43674159	3
43674227	-3
43682109	4
43682140	-4
43682610	4
43682626	-4
43683794	4
43683809	-4
43686059	4
43686076	-4
43686093	4
43686109	-4
43688726	3
43688743	-3
43689726	3
43689742	-3
43690577	3
43690659	-3
43690743	3
43690774	-3
43690811	3
43690840	-3
43690906	3
43690944	-3
43690960	3
43691057	-3
43691091	3
43691273	-3
43691377	3
43691393	-3
43692958	3
43692977	-3
43703906	5
43703923	-5
